      // std::cout << "------------------------------------------\n";
      // std::cout << q_projected.transpose() << "\n";
      // std::cout << q_harmonized.transpose() << "\n";
      // std::cout << q_clipped.transpose() << "\n";
      // std::cout << q_clipped_harmonized.transpose() << "\n";

$ rosrun elion_examples visualize_ompl_constraints 
ros.moveit_core.robot_model: Loading robot model 'panda'...
ros.rosconsole_bridge.class_loader.ClassLoader: SEVERE WARNING!!! Attempting to unload library while objects created by this loader exist in the heap! You should delete your objects before attempting to unload the library or destroying the ClassLoader. The library will NOT be unloaded.
ros.rviz_visual_tools.remote_control: RemoteControl Ready.
Joint limit 0: -2.8973 -> 2.8973
Joint limit 1: -1.7628 -> 1.7628
Joint limit 2: -2.8973 -> 2.8973
Joint limit 3: -3.0718 -> -0.0698
Joint limit 4: -2.8973 -> 2.8973
Joint limit 5: -0.0175 -> 3.7525
Joint limit 6: -2.8973 -> 2.8973
ros.moveit_planners_ompl.ompl_constraints: Parsing position constraint for OMPL constrained state space.
ros.moveit_planners_ompl.ompl_constraints: Parsed x constraintsBounds: (-0.025, 0.025 )
ros.moveit_planners_ompl.ompl_constraints: Parsed y constraintsBounds: (-0.2, 0.2 )
ros.moveit_planners_ompl.ompl_constraints: Parsed z constraintsBounds: (-0.025, 0.025 )
ros.moveit_planners_ompl.ompl_constraints: Position constraints applied to link: panda_link8
------------------------------------------
0.512146 -4.85092 -4.84019 -4.44291  1.06341  0.64653  2.02118
0.512146  1.43226    1.443 -4.44291  1.06341  0.64653  2.02118
0.512146  -1.7628  -2.8973  -3.0718  1.06341  0.64653  2.02118
0.512146  1.43226    1.443  -3.0718  1.06341  0.64653  2.02118
------------------------------------------
   2.4499   1.71946  -1.78906  -2.82183   1.96331   2.93079 -0.560537
   2.4499   1.71946  -1.78906  -2.82183   1.96331   2.93079 -0.560537
   2.4499   1.71946  -1.78906  -2.82183   1.96331   2.93079 -0.560537
   2.4499   1.71946  -1.78906  -2.82183   1.96331   2.93079 -0.560537
------------------------------------------
 -3.56846 -0.661848  0.967522  -4.46168  -3.30406    4.8527 -0.896742
  2.71472 -0.661848  0.967522  -4.46168  -3.30406    4.8527 -0.896742
  -2.8973 -0.661848  0.967522   -3.0718   -2.8973    3.7525 -0.896742
  2.71472 -0.661848  0.967522   -3.0718   -2.8973    3.7525 -0.896742
------------------------------------------
0.0398583 -0.947288 -0.321689  -2.92292   2.47312   2.19103   2.77021
0.0398583 -0.947288 -0.321689  -2.92292   2.47312   2.19103   2.77021
0.0398583 -0.947288 -0.321689  -2.92292   2.47312   2.19103   2.77021
0.0398583 -0.947288 -0.321689  -2.92292   2.47312   2.19103   2.77021
------------------------------------------
-0.301825  -3.54994 -0.121063  -4.27698 -0.656436   3.08991    -1.789
-0.301825  -3.54994 -0.121063  -4.27698 -0.656436   3.08991    -1.789
-0.301825   -1.7628 -0.121063   -3.0718 -0.656436   3.08991    -1.789
-0.301825   -1.7628 -0.121063   -3.0718 -0.656436   3.08991    -1.789
------------------------------------------
   2.28919  -0.278498   -1.43818     -2.038  -0.358678 -0.0280761    0.56113
   2.28919  -0.278498   -1.43818     -2.038  -0.358678 -0.0280761    0.56113
  2.28919 -0.278498  -1.43818    -2.038 -0.358678   -0.0175   0.56113
  2.28919 -0.278498  -1.43818    -2.038 -0.358678   -0.0175   0.56113
------------------------------------------
 1.70358  1.01466 -1.72902 -2.71981 -1.34179 0.908829  1.37897
 1.70358  1.01466 -1.72902 -2.71981 -1.34179 0.908829  1.37897
 1.70358  1.01466 -1.72902 -2.71981 -1.34179 0.908829  1.37897
 1.70358  1.01466 -1.72902 -2.71981 -1.34179 0.908829  1.37897
------------------------------------------
 -3.53688  -2.11872 -0.544453  -2.66125   1.83389 -0.491262  -1.47184
   2.7463  -2.11872 -0.544453  -2.66125   1.83389 -0.491262  -1.47184
  -2.8973   -1.7628 -0.544453  -2.66125   1.83389   -0.0175  -1.47184
   2.7463   -1.7628 -0.544453  -2.66125   1.83389   -0.0175  -1.47184
------------------------------------------
 3.47902  7.36277 -15.9981 -15.3902  2.61378  15.5109 -2.85035
-2.80417  1.07958 -9.71492 -9.10701  2.61378  9.22773 -2.85035
  2.8973   1.7628  -2.8973  -3.0718  2.61378   3.7525 -2.85035
-2.80417  1.07958  -2.8973  -3.0718  2.61378   3.7525 -2.85035
------------------------------------------
-2.00951 -1.30982  1.34301 -2.40164 -1.09427  1.35321  2.02112
-2.00951 -1.30982  1.34301 -2.40164 -1.09427  1.35321  2.02112
-2.00951 -1.30982  1.34301 -2.40164 -1.09427  1.35321  2.02112
-2.00951 -1.30982  1.34301 -2.40164 -1.09427  1.35321  2.02112
------------------------------------------
   3.73777 0.00583828    2.48876   -2.57383   -1.98391    5.32296    2.86761
  -2.54541 0.00583828    2.48876   -2.57383   -1.98391    5.32296    2.86761
    2.8973 0.00583828    2.48876   -2.57383   -1.98391     3.7525    2.86761
  -2.54541 0.00583828    2.48876   -2.57383   -1.98391     3.7525    2.86761
------------------------------------------
     2.8141 -0.00682456     2.97108    -2.51614     1.21356   -0.283704    -1.45092
     2.8141 -0.00682456     2.97108    -2.51614     1.21356   -0.283704    -1.45092
     2.8141 -0.00682456      2.8973    -2.51614     1.21356     -0.0175    -1.45092
     2.8141 -0.00682456      2.8973    -2.51614     1.21356     -0.0175    -1.45092
------------------------------------------
  2.13593 -0.478204  -1.25646  -2.71209  0.287687  -1.44468 -0.903067
  2.13593 -0.478204  -1.25646  -2.71209  0.287687  -1.44468 -0.903067
  2.13593 -0.478204  -1.25646  -2.71209  0.287687   -0.0175 -0.903067
  2.13593 -0.478204  -1.25646  -2.71209  0.287687   -0.0175 -0.903067
------------------------------------------
 -2.75512   2.98225  0.173983   3.30897 -0.431349  -10.0718   1.05384
 -2.75512   2.98225  0.173983  -2.97422 -0.431349  -3.78859   1.05384
 -2.75512    1.7628  0.173983   -0.0698 -0.431349   -0.0175   1.05384
 -2.75512    1.7628  0.173983  -2.97422 -0.431349   -0.0175   1.05384
------------------------------------------
  1.26882   1.62586  -2.39836   -2.4659  0.875066  0.454491 -0.596949
  1.26882   1.62586  -2.39836   -2.4659  0.875066  0.454491 -0.596949
  1.26882   1.62586  -2.39836   -2.4659  0.875066  0.454491 -0.596949
  1.26882   1.62586  -2.39836   -2.4659  0.875066  0.454491 -0.596949
------------------------------------------
 -2.75499 -0.478835  0.336743    1.5348  -2.69541  -1.27105  -1.90603
 -2.75499 -0.478835  0.336743    1.5348  -2.69541  -1.27105  -1.90603
 -2.75499 -0.478835  0.336743   -0.0698  -2.69541   -0.0175  -1.90603
 -2.75499 -0.478835  0.336743   -0.0698  -2.69541   -0.0175  -1.90603
------------------------------------------
-1.37605  1.34724 -3.91839 -2.52897 -1.08388 0.294453  2.38225
-1.37605  1.34724   2.3648 -2.52897 -1.08388 0.294453  2.38225
-1.37605  1.34724  -2.8973 -2.52897 -1.08388 0.294453  2.38225
-1.37605  1.34724   2.3648 -2.52897 -1.08388 0.294453  2.38225
------------------------------------------
   1.01929  -0.234605  -0.525081   -2.83194 -0.0371632   -1.40681     2.2984
   1.01929  -0.234605  -0.525081   -2.83194 -0.0371632   -1.40681     2.2984
   1.01929  -0.234605  -0.525081   -2.83194 -0.0371632    -0.0175     2.2984
   1.01929  -0.234605  -0.525081   -2.83194 -0.0371632    -0.0175     2.2984
------------------------------------------
 0.894924 -0.385582  0.136757  -2.60629   1.63376  -2.30792  0.330917
 0.894924 -0.385582  0.136757  -2.60629   1.63376  -2.30792  0.330917
 0.894924 -0.385582  0.136757  -2.60629   1.63376   -0.0175  0.330917
 0.894924 -0.385582  0.136757  -2.60629   1.63376   -0.0175  0.330917
------------------------------------------
-2.57468 -1.94776  3.15218  1.80475  2.10064  10.6519 -2.78717
-2.57468 -1.94776  3.15218  1.80475  2.10064  4.36872 -2.78717
-2.57468  -1.7628   2.8973  -0.0698  2.10064   3.7525 -2.78717
-2.57468  -1.7628   2.8973  -0.0698  2.10064   3.7525 -2.78717
------------------------------------------
-1.89736 0.695104  2.67198 -2.81616 -1.68824 0.564201  2.59454
-1.89736 0.695104  2.67198 -2.81616 -1.68824 0.564201  2.59454
-1.89736 0.695104  2.67198 -2.81616 -1.68824 0.564201  2.59454
-1.89736 0.695104  2.67198 -2.81616 -1.68824 0.564201  2.59454
------------------------------------------
  1.97796   1.24043  -1.98238  -3.03371  0.200515   -1.9694 0.0593223
  1.97796   1.24043  -1.98238  -3.03371  0.200515   -1.9694 0.0593223
  1.97796   1.24043  -1.98238  -3.03371  0.200515   -0.0175 0.0593223
  1.97796   1.24043  -1.98238  -3.03371  0.200515   -0.0175 0.0593223
------------------------------------------
 1.98301 0.149728 -2.00678  -2.7593  0.70204 -1.00597 -2.78178
 1.98301 0.149728 -2.00678  -2.7593  0.70204 -1.00597 -2.78178
 1.98301 0.149728 -2.00678  -2.7593  0.70204  -0.0175 -2.78178
 1.98301 0.149728 -2.00678  -2.7593  0.70204  -0.0175 -2.78178
------------------------------------------
 1.43384  -1.7588 -1.41669 -2.55469 -2.30348  3.89457 -2.47934
 1.43384  -1.7588 -1.41669 -2.55469 -2.30348  3.89457 -2.47934
 1.43384  -1.7588 -1.41669 -2.55469 -2.30348   3.7525 -2.47934
 1.43384  -1.7588 -1.41669 -2.55469 -2.30348   3.7525 -2.47934
------------------------------------------
-2.01047 0.928225 -3.67521 -2.72252 -1.43151 0.899752 -2.13774
-2.01047 0.928225  2.60797 -2.72252 -1.43151 0.899752 -2.13774
-2.01047 0.928225  -2.8973 -2.72252 -1.43151 0.899752 -2.13774
-2.01047 0.928225  2.60797 -2.72252 -1.43151 0.899752 -2.13774
------------------------------------------
 2.87934 0.443491  2.71887 -2.48786 -2.01366  4.20356 -2.86323
 2.87934 0.443491  2.71887 -2.48786 -2.01366  4.20356 -2.86323
 2.87934 0.443491  2.71887 -2.48786 -2.01366   3.7525 -2.86323
 2.87934 0.443491  2.71887 -2.48786 -2.01366   3.7525 -2.86323
------------------------------------------
-0.269172   2.72418   2.36301  -2.98854 -0.709702    4.0982  0.259852
-0.269172   2.72418   2.36301  -2.98854 -0.709702    4.0982  0.259852
-0.269172    1.7628   2.36301  -2.98854 -0.709702    3.7525  0.259852
-0.269172    1.7628   2.36301  -2.98854 -0.709702    3.7525  0.259852
------------------------------------------
-1.30508 -1.35038  0.59969 -2.85589 -1.45354  4.10827 -2.60889
-1.30508 -1.35038  0.59969 -2.85589 -1.45354  4.10827 -2.60889
-1.30508 -1.35038  0.59969 -2.85589 -1.45354   3.7525 -2.60889
-1.30508 -1.35038  0.59969 -2.85589 -1.45354   3.7525 -2.60889
------------------------------------------
   -1.279 -0.910239   0.88381  -2.80138   1.17838   2.98745   1.11832
   -1.279 -0.910239   0.88381  -2.80138   1.17838   2.98745   1.11832
   -1.279 -0.910239   0.88381  -2.80138   1.17838   2.98745   1.11832
   -1.279 -0.910239   0.88381  -2.80138   1.17838   2.98745   1.11832
------------------------------------------
  1.76815 -0.637466   2.12974  -4.29967   2.55637   2.47861  -1.77727
  1.76815 -0.637466   2.12974  -4.29967   2.55637   2.47861  -1.77727
  1.76815 -0.637466   2.12974   -3.0718   2.55637   2.47861  -1.77727
  1.76815 -0.637466   2.12974   -3.0718   2.55637   2.47861  -1.77727
------------------------------------------
-0.698074  0.819684   1.74983  -2.21009 -0.326744 -0.172578 -0.404623
-0.698074  0.819684   1.74983  -2.21009 -0.326744 -0.172578 -0.404623
-0.698074  0.819684   1.74983  -2.21009 -0.326744   -0.0175 -0.404623
-0.698074  0.819684   1.74983  -2.21009 -0.326744   -0.0175 -0.404623
------------------------------------------
-2.12936  1.25665 -1.17548 -4.40286 -2.88169  8.04603 -1.90965
-2.12936  1.25665 -1.17548 -4.40286 -2.88169  1.76284 -1.90965
-2.12936  1.25665 -1.17548  -3.0718 -2.88169   3.7525 -1.90965
-2.12936  1.25665 -1.17548  -3.0718 -2.88169  1.76284 -1.90965
------------------------------------------
 -2.54661  0.145762  -3.47184   -2.3883 -0.680571  0.131956  -1.07947
 -2.54661  0.145762   2.81135   -2.3883 -0.680571  0.131956  -1.07947
 -2.54661  0.145762   -2.8973   -2.3883 -0.680571  0.131956  -1.07947
 -2.54661  0.145762   2.81135   -2.3883 -0.680571  0.131956  -1.07947
------------------------------------------
  1.76231 -0.799945  -1.42779  -2.76475  -1.06945   5.01629   -2.0491
  1.76231 -0.799945  -1.42779  -2.76475  -1.06945   5.01629   -2.0491
  1.76231 -0.799945  -1.42779  -2.76475  -1.06945    3.7525   -2.0491
  1.76231 -0.799945  -1.42779  -2.76475  -1.06945    3.7525   -2.0491
------------------------------------------
-0.501511  0.397737   -2.5235  -4.44843   3.25917    4.7937  -1.60092
-0.501511  0.397737   -2.5235  -4.44843   3.25917    4.7937  -1.60092
-0.501511  0.397737   -2.5235   -3.0718    2.8973    3.7525  -1.60092
-0.501511  0.397737   -2.5235   -3.0718    2.8973    3.7525  -1.60092
------------------------------------------
  2.05524   1.44349   3.77013  -2.77225   1.29741   1.18444 -0.970298
  2.05524   1.44349  -2.51305  -2.77225   1.29741   1.18444 -0.970298
  2.05524   1.44349    2.8973  -2.77225   1.29741   1.18444 -0.970298
  2.05524   1.44349  -2.51305  -2.77225   1.29741   1.18444 -0.970298
------------------------------------------
-1.71949 -1.31201  1.18506 -2.66163 -1.42373  2.22812 -1.03287
-1.71949 -1.31201  1.18506 -2.66163 -1.42373  2.22812 -1.03287
-1.71949 -1.31201  1.18506 -2.66163 -1.42373  2.22812 -1.03287
-1.71949 -1.31201  1.18506 -2.66163 -1.42373  2.22812 -1.03287
------------------------------------------
-0.617463 -0.444826  0.693824  -2.88761  -2.84365 0.0942807 -0.351374
-0.617463 -0.444826  0.693824  -2.88761  -2.84365 0.0942807 -0.351374
-0.617463 -0.444826  0.693824  -2.88761  -2.84365 0.0942807 -0.351374
-0.617463 -0.444826  0.693824  -2.88761  -2.84365 0.0942807 -0.351374
------------------------------------------
-1.60282 -1.03495 0.956137 -2.75763   2.5931 0.118448  2.50605
-1.60282 -1.03495 0.956137 -2.75763   2.5931 0.118448  2.50605
-1.60282 -1.03495 0.956137 -2.75763   2.5931 0.118448  2.50605
-1.60282 -1.03495 0.956137 -2.75763   2.5931 0.118448  2.50605
------------------------------------------
   -0.225421 -0.000620283     0.192722     -2.61537      -2.8918    -0.705151      2.34347
   -0.225421 -0.000620283     0.192722     -2.61537      -2.8918    -0.705151      2.34347
   -0.225421 -0.000620283     0.192722     -2.61537      -2.8918      -0.0175      2.34347
   -0.225421 -0.000620283     0.192722     -2.61537      -2.8918      -0.0175      2.34347
------------------------------------------
-0.999789   2.13193   1.95293  -2.51589  -2.90777   3.24808  -1.63149
-0.999789   2.13193   1.95293  -2.51589  -2.90777   3.24808  -1.63149
-0.999789    1.7628   1.95293  -2.51589   -2.8973   3.24808  -1.63149
-0.999789    1.7628   1.95293  -2.51589   -2.8973   3.24808  -1.63149
------------------------------------------
 -11.8212   2.22556   9.76042  -2.83978 -0.933426  -1.33149   2.06825
 -5.53806   2.22556   3.47723  -2.83978 -0.933426  -1.33149   2.06825
  -2.8973    1.7628    2.8973  -2.83978 -0.933426   -0.0175   2.06825
  -2.8973    1.7628    2.8973  -2.83978 -0.933426   -0.0175   2.06825
------------------------------------------
  1.78194   1.62668  -1.88054  -2.06577 -0.558943  0.758397  -1.61595
  1.78194   1.62668  -1.88054  -2.06577 -0.558943  0.758397  -1.61595
  1.78194   1.62668  -1.88054  -2.06577 -0.558943  0.758397  -1.61595
  1.78194   1.62668  -1.88054  -2.06577 -0.558943  0.758397  -1.61595
------------------------------------------
 -1.97201 -0.139164 -0.892702   1.43573   -0.6489  -2.12062 -0.982983
 -1.97201 -0.139164 -0.892702   1.43573   -0.6489  -2.12062 -0.982983
 -1.97201 -0.139164 -0.892702   -0.0698   -0.6489   -0.0175 -0.982983
 -1.97201 -0.139164 -0.892702   -0.0698   -0.6489   -0.0175 -0.982983
------------------------------------------
 -1.55663  0.537203   1.91836  -2.52402 0.0617831 -0.693825   2.44504
 -1.55663  0.537203   1.91836  -2.52402 0.0617831 -0.693825   2.44504
 -1.55663  0.537203   1.91836  -2.52402 0.0617831   -0.0175   2.44504
 -1.55663  0.537203   1.91836  -2.52402 0.0617831   -0.0175   2.44504
------------------------------------------
-2.24578 0.959633  2.51701 -2.95809   2.2043  1.86265 -1.51256
-2.24578 0.959633  2.51701 -2.95809   2.2043  1.86265 -1.51256
-2.24578 0.959633  2.51701 -2.95809   2.2043  1.86265 -1.51256
-2.24578 0.959633  2.51701 -2.95809   2.2043  1.86265 -1.51256
------------------------------------------
-0.670311 -0.710637   3.82948  -4.12432    2.8417   15.2118  -2.50078
-0.670311 -0.710637  -2.45371  -4.12432    2.8417    8.9286  -2.50078
-0.670311 -0.710637    2.8973   -3.0718    2.8417    3.7525  -2.50078
-0.670311 -0.710637  -2.45371   -3.0718    2.8417    3.7525  -2.50078
------------------------------------------
 -1.6871 -1.51092 -1.63558  1.92231 -1.22383 -2.62273  2.87522
 -1.6871 -1.51092 -1.63558  1.92231 -1.22383  3.66046  2.87522
 -1.6871 -1.51092 -1.63558  -0.0698 -1.22383  -0.0175  2.87522
 -1.6871 -1.51092 -1.63558  -0.0698 -1.22383  3.66046  2.87522
------------------------------------------
   3.78698  -0.916145    1.42982   -2.06473 -0.0540091   0.100402  -0.270943
   -2.4962  -0.916145    1.42982   -2.06473 -0.0540091   0.100402  -0.270943
    2.8973  -0.916145    1.42982   -2.06473 -0.0540091   0.100402  -0.270943
   -2.4962  -0.916145    1.42982   -2.06473 -0.0540091   0.100402  -0.270943
------------------------------------------
 3.47062 -2.41909 -3.03775  1.99307   1.5091 -2.72061 -1.09274
-2.81257 -2.41909 -3.03775  1.99307   1.5091  3.56257 -1.09274
  2.8973  -1.7628  -2.8973  -0.0698   1.5091  -0.0175 -1.09274
-2.81257  -1.7628  -2.8973  -0.0698   1.5091  3.56257 -1.09274
------------------------------------------
  4.50298  0.397798   1.45187  -2.43597 -0.178076 -0.697385   1.34365
 -1.78021  0.397798   1.45187  -2.43597 -0.178076 -0.697385   1.34365
   2.8973  0.397798   1.45187  -2.43597 -0.178076   -0.0175   1.34365
 -1.78021  0.397798   1.45187  -2.43597 -0.178076   -0.0175   1.34365
------------------------------------------
-0.925528  -11.1269 -0.735538  -17.0219  0.559548   -12.438  -1.56556
-0.925528  -4.84372 -0.735538  -10.7387  0.559548  -6.15482  -1.56556
-0.925528   -1.7628 -0.735538   -3.0718  0.559548   -0.0175  -1.56556
-0.925528   -1.7628 -0.735538   -3.0718  0.559548   -0.0175  -1.56556
------------------------------------------
 -3.06769  -0.63699  0.656632  -4.93224 -0.565029 -0.665297  -1.02633
 -3.06769  -0.63699  0.656632  -4.93224 -0.565029 -0.665297  -1.02633
  -2.8973  -0.63699  0.656632   -3.0718 -0.565029   -0.0175  -1.02633
  -2.8973  -0.63699  0.656632   -3.0718 -0.565029   -0.0175  -1.02633
------------------------------------------
  1.40277 -0.998426  -1.26039  -2.17608  0.473945  0.327649   1.41786
  1.40277 -0.998426  -1.26039  -2.17608  0.473945  0.327649   1.41786
  1.40277 -0.998426  -1.26039  -2.17608  0.473945  0.327649   1.41786
  1.40277 -0.998426  -1.26039  -2.17608  0.473945  0.327649   1.41786
------------------------------------------
  1.56897   1.36872  0.942668   1.92596 -0.358366   7.24628  0.843139
  1.56897   1.36872  0.942668   1.92596 -0.358366   0.96309  0.843139
  1.56897   1.36872  0.942668   -0.0698 -0.358366    3.7525  0.843139
  1.56897   1.36872  0.942668   -0.0698 -0.358366   0.96309  0.843139
------------------------------------------
  2.83678  -1.66796  -1.04274  -2.39088   1.26577 -0.626608  -2.44389
  2.83678  -1.66796  -1.04274  -2.39088   1.26577 -0.626608  -2.44389
 2.83678 -1.66796 -1.04274 -2.39088  1.26577  -0.0175 -2.44389
 2.83678 -1.66796 -1.04274 -2.39088  1.26577  -0.0175 -2.44389
------------------------------------------
-0.250852  0.271707  -2.94661   1.34606  0.819846  -1.34908 -0.897926
-0.250852  0.271707  -2.94661   1.34606  0.819846  -1.34908 -0.897926
-0.250852  0.271707   -2.8973   -0.0698  0.819846   -0.0175 -0.897926
-0.250852  0.271707   -2.8973   -0.0698  0.819846   -0.0175 -0.897926
------------------------------------------
 -1.29911  -1.85286   1.29498  -2.84241 -0.561925   2.04898  -0.99101
 -1.29911  -1.85286   1.29498  -2.84241 -0.561925   2.04898  -0.99101
 -1.29911   -1.7628   1.29498  -2.84241 -0.561925   2.04898  -0.99101
 -1.29911   -1.7628   1.29498  -2.84241 -0.561925   2.04898  -0.99101
------------------------------------------
 0.301846  0.107514 -0.949502   -2.2176  0.326411  -6.70461 -0.318234
 0.301846  0.107514 -0.949502   -2.2176  0.326411 -0.421427 -0.318234
 0.301846  0.107514 -0.949502   -2.2176  0.326411   -0.0175 -0.318234
 0.301846  0.107514 -0.949502   -2.2176  0.326411   -0.0175 -0.318234
------------------------------------------
  1.16751  -1.08512 -0.682083  -2.69315   1.63203   4.09723   1.73361
  1.16751  -1.08512 -0.682083  -2.69315   1.63203   4.09723   1.73361
  1.16751  -1.08512 -0.682083  -2.69315   1.63203    3.7525   1.73361
  1.16751  -1.08512 -0.682083  -2.69315   1.63203    3.7525   1.73361
------------------------------------------
  3.07829 -0.789635  -1.03719  -4.99219   1.37953 -0.767585 -0.691896
  3.07829 -0.789635  -1.03719  -4.99219   1.37953 -0.767585 -0.691896
   2.8973 -0.789635  -1.03719   -3.0718   1.37953   -0.0175 -0.691896
   2.8973 -0.789635  -1.03719   -3.0718   1.37953   -0.0175 -0.691896
------------------------------------------
 2.44483  1.53851 -2.26036 -2.82003 0.668678   2.0024 -1.57379
 2.44483  1.53851 -2.26036 -2.82003 0.668678   2.0024 -1.57379
 2.44483  1.53851 -2.26036 -2.82003 0.668678   2.0024 -1.57379
 2.44483  1.53851 -2.26036 -2.82003 0.668678   2.0024 -1.57379
------------------------------------------
 1.72559  1.19152 -1.89104 -2.13941 -3.46221   11.069 -2.03412
 1.72559  1.19152 -1.89104 -2.13941  2.82098  4.78579 -2.03412
 1.72559  1.19152 -1.89104 -2.13941  -2.8973   3.7525 -2.03412
 1.72559  1.19152 -1.89104 -2.13941  2.82098   3.7525 -2.03412
------------------------------------------
  3.3847 -2.45447 -2.43276  1.77152  3.00896   7.8469  2.03319
  3.3847 -2.45447 -2.43276  1.77152  3.00896  1.56371  2.03319
  2.8973  -1.7628 -2.43276  -0.0698   2.8973   3.7525  2.03319
  2.8973  -1.7628 -2.43276  -0.0698   2.8973  1.56371  2.03319
------------------------------------------
 2.21275 0.554098  4.32568 -2.29211  2.57271   4.1199 0.583746
 2.21275 0.554098 -1.95751 -2.29211  2.57271   4.1199 0.583746
 2.21275 0.554098   2.8973 -2.29211  2.57271   3.7525 0.583746
 2.21275 0.554098 -1.95751 -2.29211  2.57271   3.7525 0.583746
------------------------------------------
 1.80252  2.01355   1.0556  2.08895  2.71734 -3.67108 0.496653
 1.80252  2.01355   1.0556  2.08895  2.71734   2.6121 0.496653
 1.80252   1.7628   1.0556  -0.0698  2.71734  -0.0175 0.496653
 1.80252   1.7628   1.0556  -0.0698  2.71734   2.6121 0.496653
------------------------------------------
 -0.149275   -0.24079 -0.0662967   -2.42136   0.925747   0.266526   0.500464
 -0.149275   -0.24079 -0.0662967   -2.42136   0.925747   0.266526   0.500464
 -0.149275   -0.24079 -0.0662967   -2.42136   0.925747   0.266526   0.500464
 -0.149275   -0.24079 -0.0662967   -2.42136   0.925747   0.266526   0.500464
------------------------------------------
  1.18327   1.71409  -2.22855  -2.84419 -0.071919  -1.20448   1.59254
  1.18327   1.71409  -2.22855  -2.84419 -0.071919  -1.20448   1.59254
  1.18327   1.71409  -2.22855  -2.84419 -0.071919   -0.0175   1.59254
  1.18327   1.71409  -2.22855  -2.84419 -0.071919   -0.0175   1.59254
------------------------------------------
 1.36571  2.32101  -2.2867  3.20365 -3.32786  6.95704  2.58069
 1.36571  2.32101  -2.2867  3.20365 -3.32786  0.67385  2.58069
1.36571  1.7628 -2.2867 -0.0698 -2.8973  3.7525 2.58069
1.36571  1.7628 -2.2867 -0.0698 -2.8973 0.67385 2.58069
------------------------------------------
  -3.5948 0.0920306  -2.44146  -2.77612  0.756591   -7.3529  0.559028
  2.68838 0.0920306  -2.44146  -2.77612  0.756591  -1.06971  0.559028
  -2.8973 0.0920306  -2.44146  -2.77612  0.756591   -0.0175  0.559028
  2.68838 0.0920306  -2.44146  -2.77612  0.756591   -0.0175  0.559028
------------------------------------------
  2.95132  0.997871   2.96458  -3.10541   2.53049   1.64334 -0.577849
  2.95132  0.997871   2.96458  -3.10541   2.53049   1.64334 -0.577849
   2.8973  0.997871    2.8973   -3.0718   2.53049   1.64334 -0.577849
   2.8973  0.997871    2.8973   -3.0718   2.53049   1.64334 -0.577849
------------------------------------------
-0.21543 0.364517 -2.75942  1.50378 -1.84702 -1.21009 0.756485
-0.21543 0.364517 -2.75942  1.50378 -1.84702 -1.21009 0.756485
-0.21543 0.364517 -2.75942  -0.0698 -1.84702  -0.0175 0.756485
-0.21543 0.364517 -2.75942  -0.0698 -1.84702  -0.0175 0.756485
------------------------------------------
 -1.64109 -0.557599   1.42561  -2.75605  -1.89165  0.134699 0.0211451
 -1.64109 -0.557599   1.42561  -2.75605  -1.89165  0.134699 0.0211451
 -1.64109 -0.557599   1.42561  -2.75605  -1.89165  0.134699 0.0211451
 -1.64109 -0.557599   1.42561  -2.75605  -1.89165  0.134699 0.0211451
------------------------------------------
-2.01443 0.746159  2.93126 -2.70956  1.79363  3.33133 -2.20696
-2.01443 0.746159  2.93126 -2.70956  1.79363  3.33133 -2.20696
-2.01443 0.746159   2.8973 -2.70956  1.79363  3.33133 -2.20696
-2.01443 0.746159   2.8973 -2.70956  1.79363  3.33133 -2.20696
------------------------------------------
 -4.07724   4.80353  -3.99453    -4.964 -0.192005  -13.2767   2.00955
  2.20594  -1.47965   2.28865    -4.964 -0.192005  -6.99347   2.00955
  -2.8973    1.7628   -2.8973   -3.0718 -0.192005   -0.0175   2.00955
  2.20594  -1.47965   2.28865   -3.0718 -0.192005   -0.0175   2.00955
------------------------------------------
  -3.76134    5.35378   -11.0453   -10.7693  0.0180927 -0.0720391   -1.63854
   2.52184  -0.929409   -4.76211   -4.48612  0.0180927 -0.0720391   -1.63854
  -2.8973    1.7628   -2.8973   -3.0718 0.0180927   -0.0175  -1.63854
  2.52184 -0.929409   -2.8973   -3.0718 0.0180927   -0.0175  -1.63854
------------------------------------------
  -1.8619   1.19274   2.00772  -2.61455  -1.95699   3.24218 -0.666318
  -1.8619   1.19274   2.00772  -2.61455  -1.95699   3.24218 -0.666318
  -1.8619   1.19274   2.00772  -2.61455  -1.95699   3.24218 -0.666318
  -1.8619   1.19274   2.00772  -2.61455  -1.95699   3.24218 -0.666318
------------------------------------------
 2.91288  3.68831  3.36358 -4.38179  -0.9198 -2.78101 -2.65048
 2.91288  3.68831  3.36358 -4.38179  -0.9198  3.50217 -2.65048
  2.8973   1.7628   2.8973  -3.0718  -0.9198  -0.0175 -2.65048
  2.8973   1.7628   2.8973  -3.0718  -0.9198  3.50217 -2.65048
------------------------------------------
   -6.22581     7.58621   -0.841885     13.7947     1.67344   -0.258422 -0.00389756
  0.0573795     1.30303   -0.841885     7.51151     1.67344   -0.258422 -0.00389756
    -2.8973      1.7628   -0.841885     -0.0698     1.67344     -0.0175 -0.00389756
  0.0573795     1.30303   -0.841885     -0.0698     1.67344     -0.0175 -0.00389756
------------------------------------------
 -1.18374 -0.271771   0.84328  -2.25726    -1.093  0.683391  0.328979
 -1.18374 -0.271771   0.84328  -2.25726    -1.093  0.683391  0.328979
 -1.18374 -0.271771   0.84328  -2.25726    -1.093  0.683391  0.328979
 -1.18374 -0.271771   0.84328  -2.25726    -1.093  0.683391  0.328979
------------------------------------------
 1.92609  4.39946  1.87947 -4.09042  2.36454  3.24935   2.1085
 1.92609  4.39946  1.87947 -4.09042  2.36454  3.24935   2.1085
1.92609  1.7628 1.87947 -3.0718 2.36454 3.24935  2.1085
1.92609  1.7628 1.87947 -3.0718 2.36454 3.24935  2.1085
------------------------------------------
 -4.27068 -0.348345   1.49281  -4.68999   1.38276  0.243963  -1.63889
   2.0125 -0.348345   1.49281  -4.68999   1.38276  0.243963  -1.63889
  -2.8973 -0.348345   1.49281   -3.0718   1.38276  0.243963  -1.63889
   2.0125 -0.348345   1.49281   -3.0718   1.38276  0.243963  -1.63889
------------------------------------------
   1.99671   -1.02073    2.02441   -4.32068 -0.0798711    2.53245    1.07667
   1.99671   -1.02073    2.02441   -4.32068 -0.0798711    2.53245    1.07667
   1.99671   -1.02073    2.02441    -3.0718 -0.0798711    2.53245    1.07667
   1.99671   -1.02073    2.02441    -3.0718 -0.0798711    2.53245    1.07667
------------------------------------------
   2.17407   -1.68381   -1.04667    -2.2608 -0.0317483   0.938441   -2.27234
   2.17407   -1.68381   -1.04667    -2.2608 -0.0317483   0.938441   -2.27234
   2.17407   -1.68381   -1.04667    -2.2608 -0.0317483   0.938441   -2.27234
   2.17407   -1.68381   -1.04667    -2.2608 -0.0317483   0.938441   -2.27234
------------------------------------------
 0.509847 -0.415339 -0.440471  -2.25842 -0.123864  -5.69969   1.34068
 0.509847 -0.415339 -0.440471  -2.25842 -0.123864  0.583498   1.34068
 0.509847 -0.415339 -0.440471  -2.25842 -0.123864   -0.0175   1.34068
 0.509847 -0.415339 -0.440471  -2.25842 -0.123864  0.583498   1.34068
------------------------------------------
-0.146247 -0.515698  -2.70388   2.02432  -1.07712  -3.11594 -0.535777
-0.146247 -0.515698  -2.70388   2.02432  -1.07712   3.16725 -0.535777
-0.146247 -0.515698  -2.70388   -0.0698  -1.07712   -0.0175 -0.535777
-0.146247 -0.515698  -2.70388   -0.0698  -1.07712   3.16725 -0.535777
------------------------------------------
 0.236954 -0.787271  0.213782  -2.65633  -0.62851   1.51401  0.756034
 0.236954 -0.787271  0.213782  -2.65633  -0.62851   1.51401  0.756034
 0.236954 -0.787271  0.213782  -2.65633  -0.62851   1.51401  0.756034
 0.236954 -0.787271  0.213782  -2.65633  -0.62851   1.51401  0.756034
------------------------------------------
 0.774088  0.865793  -1.85546  -2.42974   2.80578 -0.613365  -1.06373
 0.774088  0.865793  -1.85546  -2.42974   2.80578 -0.613365  -1.06373
0.774088 0.865793 -1.85546 -2.42974  2.80578  -0.0175 -1.06373
0.774088 0.865793 -1.85546 -2.42974  2.80578  -0.0175 -1.06373
------------------------------------------
  1.30731   2.50153  -5.28143  -4.18098   2.10665   2.20236 -0.217964
  1.30731   2.50153   1.00176  -4.18098   2.10665   2.20236 -0.217964
  1.30731    1.7628   -2.8973   -3.0718   2.10665   2.20236 -0.217964
  1.30731    1.7628   1.00176   -3.0718   2.10665   2.20236 -0.217964
------------------------------------------
-1.83178  -1.1597 -2.14145 -4.22613 -1.59634  2.21791 0.667917
-1.83178  -1.1597 -2.14145 -4.22613 -1.59634  2.21791 0.667917
-1.83178  -1.1597 -2.14145  -3.0718 -1.59634  2.21791 0.667917
-1.83178  -1.1597 -2.14145  -3.0718 -1.59634  2.21791 0.667917
------------------------------------------
 -2.10598  -1.46239  -2.14634   1.26628  -2.32417 -0.841621   1.84954
 -2.10598  -1.46239  -2.14634   1.26628  -2.32417 -0.841621   1.84954
-2.10598 -1.46239 -2.14634  -0.0698 -2.32417  -0.0175  1.84954
-2.10598 -1.46239 -2.14634  -0.0698 -2.32417  -0.0175  1.84954
------------------------------------------
 2.28833  1.50009 -1.66641 -2.85692 -2.01364  1.09155  2.77213
 2.28833  1.50009 -1.66641 -2.85692 -2.01364  1.09155  2.77213
 2.28833  1.50009 -1.66641 -2.85692 -2.01364  1.09155  2.77213
 2.28833  1.50009 -1.66641 -2.85692 -2.01364  1.09155  2.77213
------------------------------------------
 -0.27211  0.228988  -3.16163  -4.46632 -0.763947  0.281158  -1.86717
 -0.27211  0.228988  -3.16163  -4.46632 -0.763947  0.281158  -1.86717
 -0.27211  0.228988   -2.8973   -3.0718 -0.763947  0.281158  -1.86717
 -0.27211  0.228988   -2.8973   -3.0718 -0.763947  0.281158  -1.86717
------------------------------------------
 1.27831  1.55878 -2.40956 -2.76227  1.75576 0.345698 -2.14816
 1.27831  1.55878 -2.40956 -2.76227  1.75576 0.345698 -2.14816
 1.27831  1.55878 -2.40956 -2.76227  1.75576 0.345698 -2.14816
 1.27831  1.55878 -2.40956 -2.76227  1.75576 0.345698 -2.14816
------------------------------------------
  6.28644 0.0166677  0.450352  -8.53824  -2.88263   5.33638   1.57281
0.00325302  0.0166677   0.450352   -2.25506   -2.88263    5.33638    1.57281
   2.8973 0.0166677  0.450352   -3.0718  -2.88263    3.7525   1.57281
0.00325302  0.0166677   0.450352   -2.25506   -2.88263     3.7525    1.57281
------------------------------------------
  2.59463  0.521211   -2.8185  -2.81636  -2.20512   1.35064 -0.764557
  2.59463  0.521211   -2.8185  -2.81636  -2.20512   1.35064 -0.764557
  2.59463  0.521211   -2.8185  -2.81636  -2.20512   1.35064 -0.764557
  2.59463  0.521211   -2.8185  -2.81636  -2.20512   1.35064 -0.764557
------------------------------------------
 -2.37995   3.72753  -2.26189  -4.15755  -0.80135   2.51305 -0.961511
 -2.37995   3.72753  -2.26189  -4.15755  -0.80135   2.51305 -0.961511
 -2.37995    1.7628  -2.26189   -3.0718  -0.80135   2.51305 -0.961511
 -2.37995    1.7628  -2.26189   -3.0718  -0.80135   2.51305 -0.961511
------------------------------------------
 1.99655 -1.16428   1.3377  1.20527  1.20014 -1.27509  2.70408
 1.99655 -1.16428   1.3377  1.20527  1.20014 -1.27509  2.70408
 1.99655 -1.16428   1.3377  -0.0698  1.20014  -0.0175  2.70408
 1.99655 -1.16428   1.3377  -0.0698  1.20014  -0.0175  2.70408
------------------------------------------
  2.50139  0.228832  -2.03921   -2.0185 -0.313467  0.386714  0.278283
  2.50139  0.228832  -2.03921   -2.0185 -0.313467  0.386714  0.278283
  2.50139  0.228832  -2.03921   -2.0185 -0.313467  0.386714  0.278283
  2.50139  0.228832  -2.03921   -2.0185 -0.313467  0.386714  0.278283
------------------------------------------
-0.612688 -0.559701   0.16233  -2.49055   2.56196   3.17442  -1.36512
-0.612688 -0.559701   0.16233  -2.49055   2.56196   3.17442  -1.36512
-0.612688 -0.559701   0.16233  -2.49055   2.56196   3.17442  -1.36512
-0.612688 -0.559701   0.16233  -2.49055   2.56196   3.17442  -1.36512
