1,0.433545
2,0.211355
3,0.0387093
4,0.00285427
5,0.0100726
6,0.00413832
7,0.0121277
8,0.00724487
9,0.00171101
10,0.00100128
11,0.00198228
12,0.000669874
13,0.195066
14,0.0525942
15,0.0407541
16,0.0148799
17,0.108711
18,0.00470846
19,0.00679998
20,0.0096121
21,0.0142282
22,0.0599441
23,0.00326754
24,0.0498456
25,0.00122135
26,0.0378674
27,0.00090979
28,0.0213245
29,0.00164113
30,0.000731044
31,0.0275298
32,0.00825688
33,0.00719129
34,0.00760923
35,0.00170079
36,0.00068013
37,0.0642607
38,0.00193644
39,0.000840159
40,0.0180712
41,0.0253225
42,0.0882014
43,0.00419124
44,0.0592482
45,0.00121775
46,0.0449385
47,0.000742944
48,0.033571
49,0.000918332
50,0.00186704
1,1.64739
2,0.543113
3,0.168449
4,0.164732
5,0.00823048
6,0.0517521
7,0.00249424
8,0.0483603
9,0.00118254
10,0.0484318
11,0.000827722
12,0.0450522
13,0.000739316
14,0.0436281
15,0.000700691
16,0.0403458
17,0.000694424
18,0.0354908
19,0.000737115
20,0.0267316
21,0.000977416
22,0.0135028
23,0.0111022
24,0.0996789
25,0.00378401
26,0.121129
27,0.0132313
28,0.0866572
29,0.00224596
30,0.00548371
31,0.0662596
32,0.00193448
33,0.000952107
34,0.021835
35,0.00137958
36,0.000932694
37,0.00220792
38,0.0052027
39,0.374379
40,0.105112
41,0.0706365
42,0.0634747
43,0.00196486
44,0.045548
45,0.00092863
46,0.0513509
47,0.000898008
48,0.0489276
49,0.000827622
50,0.0338811
1,1.0535
2,0.876847
3,0.741211
4,1.04311
5,0.660587
6,1.2814
7,1.46396
8,1.22724
9,1.17521
10,0.631217
11,0.332153
12,1.48888
13,0.422985
14,0.111593
15,0.720832
16,0.195648
17,0.0892083
18,0.00337338
19,0.0380802
20,0.00147233
21,0.0372385
22,0.000968021
23,0.0321456
24,0.00104141
25,0.0198408
26,0.010701
27,0.00200804
28,0.000592001
29,0.739657
30,1.58951
31,1.87503
32,2.07995
33,1.25757
34,0.665029
35,0.330715
36,0.0537126
37,0.0259043
38,0.118792
39,0.00501884
40,0.0336742
41,0.00195261
42,0.012758
43,0.0127716
44,0.00779395
45,0.00543741
46,0.0163817
47,0.000783399
48,0.00425932
49,0.113863
50,0.0105853
1,0.631697
2,0.544518
3,0.150362
4,1.13593
5,1.36326
6,1.68995
7,0.958255
8,0.671768
9,0.424304
10,0.330663
11,0.0702322
12,0.00568015
13,0.00479758
14,0.00133337
15,0.0523564
16,0.00100239
17,0.028764
18,0.000901688
19,0.00248627
20,0.132811
21,0.0238245
22,0.0529416
23,0.000963306
24,0.0135414
25,0.00250035
26,0.130652
27,0.0213563
28,0.0581625
29,0.00107314
30,0.0105418
31,0.0114829
32,0.0266158
33,0.00644114
34,0.00214974
35,0.00434601
36,0.00553695
37,0.00448872
38,0.00155358
39,0.00524529
40,0.00783341
41,0.00608816
42,0.00166401
43,0.0030841
44,0.0494728
45,0.0032856
46,0.000752143
47,0.0210839
48,0.00808929
49,0.0064731
50,0.0016221
1,0.935647
2,0.397532
3,0.0550508
4,0.234024
5,0.01852
6,0.0982894
7,0.00548556
8,0.0939673
9,0.00297553
10,0.0440134
11,0.00141828
12,0.0557961
13,0.00112352
14,0.0320159
15,0.000976276
16,0.0221213
17,0.00136207
18,0.000944635
19,0.00195038
20,0.000640916
21,0.213315
22,0.0359425
23,0.0353785
24,0.00905812
25,0.0112767
26,0.000736803
27,0.0228563
28,0.00326052
29,0.20795
30,0.193669
31,0.0119293
32,0.00681121
33,0.0078187
34,0.0029953
35,0.0805958
36,0.0136942
37,0.0147191
38,0.00197447
39,0.0080927
40,0.00254558
41,0.0243571
42,0.0013284
43,0.0192598
44,0.00132468
45,0.000975021
46,0.00157261
47,0.000670524
48,0.0325489
49,0.00476058
50,0.00397367
1,0.853927
2,0.369001
3,0.144556
4,1.11784
5,1.80081
6,0.941497
7,0.701463
8,0.82863
9,0.765501
10,0.664051
11,0.268452
12,0.305256
13,0.0258053
14,0.0462192
15,0.00240593
16,0.000829124
17,0.0318149
18,0.000915536
19,0.0159005
20,0.00744791
21,0.134735
22,0.0248745
23,0.0616873
24,0.00145268
25,0.00805877
26,0.247872
27,0.0225583
28,0.0130597
29,0.11885
30,0.0238654
31,0.0840495
32,0.00221633
33,0.010045
34,0.00463718
35,0.109406
36,0.00691243
37,0.0968174
38,0.00360091
39,0.116783
40,0.0119781
41,0.0868983
42,0.00234895
43,0.00672852
44,0.0913825
45,0.0049246
46,0.0147461
47,0.00406529
48,0.0270695
49,0.219936
50,0.0422771
1,1.31646
2,1.04329
3,0.99048
4,0.784641
5,1.13342
6,0.104071
7,0.0191357
8,0.00238938
9,0.00762701
10,0.127964
11,0.0136966
12,0.00132537
13,0.0172073
14,0.13746
15,0.0265436
16,0.00114657
17,0.0184619
18,0.127326
19,0.0113176
20,0.00151145
21,0.016954
22,0.0796211
23,0.0025117
24,0.000727674
25,0.0399371
26,0.000721962
27,0.0356553
28,0.00160065
29,0.0160549
30,0.224218
31,0.393549
32,2.0638
33,0.882892
34,0.610068
35,0.700837
36,0.62713
37,0.51297
38,0.295151
39,0.075213
40,0.122237
41,0.0205457
42,0.00570308
43,0.0129222
44,0.00421948
45,0.00677353
46,0.00445642
47,0.00212104
48,0.00288619
49,0.000888567
50,0.0387654
1,0.909268
2,0.778797
3,0.767692
4,0.704026
5,0.916347
6,0.581318
7,0.176498
8,0.316656
9,0.0360295
10,0.159192
11,0.0108942
12,0.181331
13,0.015505
14,0.00257495
15,0.000987816
16,0.0261854
17,0.00112171
18,0.0124475
19,0.0343527
20,0.0363342
21,0.000707417
22,0.019693
23,0.00133542
24,0.00800458
25,1.01627
26,0.886912
27,0.854619
28,0.908058
29,1.27186
30,0.370835
31,0.6265
32,0.208791
33,0.0286733
34,0.0138407
35,0.170822
36,0.0703087
37,0.0510412
38,0.0018337
39,0.0666757
40,0.00163498
41,0.0156186
42,0.00213677
43,0.00819731
44,0.0813021
45,0.0020349
46,0.000938898
47,0.023187
48,0.00172536
49,0.00906322
50,0.428107
1,1.40523
2,0.541868
3,0.142449
4,0.218567
5,0.0149191
6,0.0296314
7,0.00213498
8,0.00965694
9,0.215938
10,0.108127
11,0.00355996
12,0.0247385
13,0.00107794
14,0.0017054
15,0.0112849
16,0.880606
17,1.14135
18,0.942974
19,1.35514
20,0.818123
21,0.605633
22,0.941529
23,0.440315
24,0.0227877
25,0.00250669
26,0.00599753
27,0.0270802
28,0.00330574
29,0.00251057
30,0.0014456
31,0.00198526
32,0.000775636
33,0.0250911
34,0.00751344
35,0.00615597
36,0.00153482
37,0.00161644
38,0.000654407
39,0.0459293
40,0.00245485
41,0.00153578
42,0.00178588
43,0.000852526
44,0.00801594
45,0.165702
46,0.194488
47,0.0105821
48,0.0675949
49,0.00187666
50,0.0510407
1,1.72169
2,0.668799
3,0.368239
4,0.0829605
5,0.00861957
6,0.00545948
7,0.00367544
8,0.00259306
9,0.00215569
10,0.00152752
11,0.00188614
12,0.000934238
13,0.00906407
14,0.0484891
15,0.011369
16,0.0033613
17,0.0359454
18,0.00147688
19,0.0524991
20,0.00107417
21,0.0453078
22,0.000760333
23,0.0375157
24,0.000679592
25,0.0381409
26,0.000645311
27,0.0369227
28,0.000639235
29,0.0325314
30,0.00070093
31,0.0229936
32,0.00132684
33,0.000741042
34,0.00569154
35,0.0729287
36,0.00674621
37,0.00302812
38,0.154463
39,0.0533656
40,0.0135301
41,0.00070755
42,0.0247148
43,0.0775456
44,0.002405
45,0.0121322
46,0.00105903
47,0.0324982
48,0.000756342
49,0.0306289
50,0.000694273
1,1.27364
2,0.745984
3,0.328747
4,0.196075
5,0.0146166
6,0.0054709
7,0.104435
8,0.0037778
9,0.144369
10,0.0254384
11,0.0673801
12,0.00151666
13,0.00906009
14,0.249399
15,0.0386792
16,0.0295258
17,0.13513
18,0.0163808
19,0.126223
20,0.0159214
21,0.110407
22,0.00879015
23,0.126015
24,0.0198873
25,0.0828952
26,0.00245157
27,0.0107744
28,0.014962
29,0.0922327
30,0.00296139
31,0.118499
32,0.0121752
33,0.0943366
34,0.00340836
35,0.12576
36,0.0167959
37,0.0847558
38,0.00236497
39,0.00528461
40,0.422046
41,1.32371
42,0.394796
43,1.13734
44,0.833777
45,0.996357
46,0.686992
47,1.4033
48,1.46461
49,1.96192
50,1.07512
51,0.689016
52,1.37524
53,0.917515
54,0.499735
55,0.511395
56,0.173368
57,0.0315841
58,0.0209817
59,0.122734
60,0.00615116
61,0.162628
62,0.0510854
63,0.0389715
64,0.00114306
65,0.0543224
66,0.00107628
67,0.0452494
68,0.000800148
69,0.041102
70,0.000715013
71,0.0411375
72,0.000685778
73,0.0394291
74,0.000693209
75,0.0342887
76,0.000997226
77,0.00167192
78,0.0007181
79,0.039181
80,0.0292629
81,0.015859
82,0.00202223
83,0.011945
84,0.0331401
85,0.283407
86,0.027201
87,0.00399576
88,0.0180531
89,0.000594009
90,0.0396387
91,0.000592228
92,0.0389842
93,0.000586967
94,0.0363955
95,0.000599523
96,0.0311722
97,0.000741611
98,0.00371991
99,0.331181
100,0.0588456
1,1.38633
2,0.621841
3,0.116874
4,0.32757
5,0.0358939
6,0.00364009
7,0.0109229
8,0.00573334
9,0.00432156
10,0.00175368
11,0.0037604
12,0.0090655
13,0.0349889
14,0.00264532
15,0.0132027
16,0.00304252
17,0.17469
18,0.0134372
19,0.012168
20,0.067571
21,0.00149016
22,0.0167078
23,0.0050102
24,0.200742
25,0.274446
26,0.0503616
27,0.028511
28,0.00223082
29,0.00300852
30,0.394476
31,0.162267
32,0.109953
33,0.00577742
34,0.00768883
35,0.00432297
36,0.0135826
37,0.00236444
38,0.00777639
39,0.00396934
40,0.113305
41,0.0092151
42,0.096273
43,0.00354852
44,0.116062
45,0.0111861
46,0.0919783
47,0.00284496
48,0.120796
49,0.0139034
50,0.08385
51,0.00214663
52,0.00389797
53,0.139572
54,0.00654351
55,0.0314448
56,0.00204634
57,0.0307538
58,0.00103335
59,0.0302746
60,0.000780896
61,0.0245972
62,0.000885488
63,0.00170146
64,0.000614215
65,0.11879
66,0.00499146
67,0.00134469
68,0.003097
69,0.531962
70,1.21677
71,0.903521
72,0.633984
73,0.753376
74,0.430445
75,1.18458
76,0.700909
77,0.853793
78,0.842804
79,0.830955
80,0.433837
81,0.331687
82,0.0667622
83,0.0232548
84,0.237291
85,0.078595
86,0.0758548
87,0.0035624
88,0.108053
89,0.00457093
90,0.137598
91,0.0146414
92,0.234211
93,0.145717
94,0.00826193
95,0.00410749
96,0.00312568
97,0.00274468
98,0.00218928
99,0.00243936
100,0.0016199
1,1.49888
2,0.944266
3,1.46737
4,0.974316
5,1.78805
6,1.0022
7,0.418907
8,0.383615
9,0.106588
10,0.00890593
11,0.0379611
12,0.00392156
13,0.0120931
14,0.00726414
15,0.146711
16,0.0329774
17,0.0474942
18,0.00106567
19,0.0144235
20,0.051006
21,0.0210398
22,0.000641547
23,0.0308782
24,0.0281531
25,0.0384778
26,0.0664854
27,0.107486
28,0.00414623
29,0.0519878
30,0.00178009
31,0.0675995
32,0.00164998
33,0.0508202
34,0.000945532
35,0.0415668
36,0.000771647
37,0.0432053
38,0.000702023
39,0.0413948
40,0.000659542
41,0.0370743
42,0.000649572
43,0.0307905
44,0.000749679
45,0.0194734
46,0.0022167
47,0.00792482
48,0.0408991
49,0.0355667
50,0.000795581
51,0.0195489
52,0.0607131
53,0.00889454
54,0.000588373
55,0.034917
56,0.000802076
57,0.0165669
58,0.0164542
59,0.069297
60,0.00149845
61,0.00912346
62,0.685987
63,2.41908
64,0.892504
65,0.803558
66,2.11394
67,1.42647
68,1.36661
69,0.993852
70,1.56624
71,1.18085
72,0.71356
73,0.854283
74,0.911502
75,0.627566
76,0.199732
77,0.0216678
78,0.0257609
79,0.0881549
80,0.00295479
81,0.00739276
82,0.00450876
83,0.345099
84,0.0403759
85,0.169481
86,0.0124387
87,0.0135207
88,0.00611975
89,0.153236
90,0.0342918
91,0.0492853
92,0.00116737
93,0.0197534
94,0.00868828
95,0.122741
96,0.0175194
97,0.0794413
98,0.00225408
99,0.00444037
100,0.201729
1,0.454362
2,1.53847
3,1.2441
4,0.393113
5,0.467611
6,0.0861926
7,0.148139
8,0.00631895
9,0.00676711
10,0.119208
11,0.00863213
12,0.100921
13,0.00495574
14,0.119876
15,0.0135524
16,0.0901542
17,0.00316001
18,0.134683
19,0.0247678
20,0.0608015
21,0.00139938
22,0.0104043
23,0.0401793
24,0.00298282
25,0.00220686
26,0.00171904
27,0.00153581
28,0.00132213
29,0.00137817
30,0.00110845
31,0.00159567
32,0.000829689
33,0.009666
34,0.023942
35,0.00644284
36,0.00922621
37,0.00126052
38,0.00949863
39,0.178585
40,0.014905
41,0.0163998
42,0.00398377
43,0.00665847
44,0.00962697
45,0.00590779
46,0.00566523
47,0.00164694
48,0.00777335
49,0.115132
50,0.011594
51,0.0951112
52,0.00420413
53,0.126859
54,0.0192435
55,0.0740941
56,0.00193657
57,0.00678665
58,0.0127438
59,0.00371314
60,0.00448891
61,0.124444
62,0.0144928
63,0.00408647
64,0.00487365
65,0.00462622
66,0.00354537
67,0.00168261
68,0.0032695
69,0.004539
70,0.0452392
71,0.00192614
72,0.000831029
73,0.0249156
74,0.012322
75,0.00777631
76,0.00255219
77,0.000855584
78,0.0370213
79,0.00359346
80,0.00298278
81,0.00148127
82,0.00297266
83,0.004939
84,0.050672
85,0.00187107
86,0.000744251
87,0.0468509
88,0.00256561
89,0.00169123
90,0.00183522
91,0.000986871
92,0.00437817
93,1.0465
94,1.46378
95,1.19647
96,1.32232
97,1.10711
98,0.0985
99,0.00258598
100,0.00333266
1,1.57848
2,1.1284
3,1.60579
4,0.855062
5,1.2738
6,1.5037
7,1.49459
8,0.729859
9,1.44958
10,1.1716
11,0.864047
12,1.72311
13,0.888879
14,0.661341
15,0.599631
16,1.06744
17,0.827663
18,0.752849
19,0.992522
20,0.679292
21,0.56618
22,0.487208
23,0.108578
24,0.500356
25,0.106019
26,0.897158
27,0.365644
28,0.23336
29,0.161149
30,0.0487175
31,0.087555
32,0.00281188
33,0.0294638
34,0.00119936
35,0.0229217
36,0.00168502
37,0.0310811
38,0.00106485
39,0.0187778
40,0.340495
41,0.12526
42,0.00835487
43,0.131477
44,0.00730426
45,0.105887
46,0.00452017
47,0.0712615
48,0.0023413
49,0.067075
50,0.00172155
51,0.061222
52,0.00142276
53,0.0566383
54,0.00120513
55,0.0527895
56,0.00104708
57,0.0492431
58,0.000916359
59,0.0461257
60,0.000814377
61,0.0421871
62,0.000734984
63,0.036531
64,0.000801996
65,0.0244143
66,0.0261484
67,0.00634657
68,0.00251861
69,0.00185869
70,0.000972105
71,0.00247357
72,0.846077
73,0.820296
74,1.52783
75,1.25157
76,0.958103
77,0.873565
78,0.395294
79,0.127331
80,1.58272
81,0.756338
82,0.747871
83,0.369515
84,0.118545
85,0.203401
86,0.017588
87,0.0372492
88,0.112287
89,0.00402804
90,0.0193338
91,0.00313033
92,0.0100746
93,0.0114202
94,0.0870371
95,0.00231598
96,0.00544665
97,0.0914662
98,0.00305281
99,0.00118813
100,0.0403583
1,1.25426
2,0.29566
3,0.0573389
4,0.0345415
5,0.107518
6,0.0042567
7,0.0131913
8,0.00189924
9,0.0138434
10,0.0159163
11,0.0046286
12,0.00189038
13,0.0357512
14,0.000945523
15,0.058657
16,0.00137898
17,0.0247293
18,0.00104401
19,0.00176989
20,0.0138537
21,0.097504
22,0.00288695
23,0.0193275
24,0.00242137
25,0.000757344
26,0.0487532
27,0.000843927
28,0.0472015
29,0.000822713
30,0.042836
31,0.000705386
32,0.0420131
33,0.000684774
34,0.0441004
35,0.00069694
36,0.0446578
37,0.000702411
38,0.0470417
39,0.000791604
40,0.0418897
41,0.000685064
42,0.0419968
43,0.000677492
44,0.0430354
45,0.000678691
46,0.0433799
47,0.000680904
48,0.043866
49,0.000688538
50,0.0446018
51,0.000701041
52,0.0463689
53,0.000747848
54,0.0487313
55,0.000826593
56,0.0514275
57,0.000971796
58,0.0310479
59,0.000867954
60,0.00407957
61,0.123464
62,0.0175068
63,0.0725207
64,0.00177935
65,0.0124653
66,0.09574
67,0.00261666
68,0.0154611
69,0.00104742
70,0.00189934
71,0.00354637
72,0.862179
73,1.18821
74,0.331573
75,0.0517104
76,0.00796549
77,0.00781291
78,0.00302362
79,0.00755421
80,0.00205309
81,0.000885463
82,0.029039
83,0.00338834
84,0.1207
85,0.0139114
86,0.0799643
87,0.00214351
88,0.0114526
89,0.0935547
90,0.00284343
91,0.00810306
92,0.0694923
93,0.00533191
94,0.0007122
95,0.0425992
96,0.000723947
97,0.0356361
98,0.000873708
99,0.0243293
100,0.00510249
1,1.32288
2,0.962875
3,0.675771
4,0.473499
5,0.925935
6,0.595646
7,1.40215
8,2.41639
9,1.18822
10,1.32732
11,0.514625
12,0.171947
13,0.291514
14,0.156814
15,0.00799501
16,0.0840258
17,0.00275209
18,0.0638048
19,0.00159522
20,0.0520979
21,0.00108594
22,0.0427649
23,0.00088669
24,0.031464
25,0.00256975
26,0.160766
27,0.147313
28,0.0120829
29,0.00420381
30,0.0160712
31,0.00165208
32,0.02158
33,0.00121204
34,0.0177543
35,0.00327087
36,0.023229
37,0.00199337
38,0.0112237
39,0.0424537
40,0.0294803
41,0.000709587
42,0.032622
43,0.0599669
44,0.0013555
45,0.0144825
46,0.135791
47,0.00554414
48,0.0208618
49,0.00187716
50,0.0166896
51,0.0138286
52,0.0972421
53,0.00563204
54,0.10998
55,0.0109377
56,0.0951407
57,0.00490969
58,0.117707
59,0.0153759
60,0.0849438
61,0.00276588
62,0.129528
63,0.0236641
64,0.0643333
65,0.0015219
66,0.013493
67,0.0481448
68,0.0261418
69,0.000814446
70,0.0166012
71,0.0063786
72,0.00202377
73,0.00199084
74,0.000668691
75,0.0310201
76,0.368719
77,0.0501776
78,0.00472841
79,0.0435407
80,0.00209007
81,0.0208282
82,0.000773595
83,0.0376041
84,0.0316269
85,0.000724476
86,0.0214422
87,0.0907434
88,0.00371079
89,0.129743
90,0.023059
91,0.0690078
92,0.00173705
93,0.00946654
94,0.17372
95,0.0710955
96,0.00163661
97,0.0140127
98,0.053513
99,0.0408336
100,0.000983252
1,2.01908
2,0.648696
3,0.423368
4,0.102023
5,1.13259
6,0.586614
7,0.38656
8,0.0596013
9,0.0629213
10,0.0249339
11,0.0997328
12,0.00405854
13,0.0146327
14,0.00159945
15,0.00828035
16,0.122008
17,0.00876283
18,0.00487134
19,0.0015091
20,0.00583528
21,0.105814
22,0.00824487
23,0.0959408
24,0.00485852
25,0.11345
26,0.0123226
27,0.0877274
28,0.00299247
29,0.125776
30,0.0204279
31,0.0653247
32,0.00151196
33,0.00844145
34,0.0276003
35,0.00183433
36,0.000675773
37,0.0597464
38,0.00182974
39,0.000682115
40,0.0544762
41,0.0019272
42,0.000811282
43,0.0161462
44,0.0263773
45,0.00551933
46,0.00215595
47,0.00328245
48,0.000796803
49,0.00271171
50,0.00289924
51,0.000985925
52,0.0153659
53,0.0813457
54,0.00236667
55,0.125488
56,0.0194607
57,0.065485
58,0.00153092
59,0.00743202
60,0.0311521
61,0.0019315
62,0.000582404
63,0.634203
64,1.40025
65,1.51493
66,0.823454
67,1.75878
68,0.93823
69,0.757826
70,0.483583
71,0.352606
72,0.0389582
73,0.210354
74,0.018762
75,0.1576
76,0.0105646
77,0.128906
78,0.00652567
79,0.0886761
80,0.00307784
81,0.063984
82,0.001729
83,0.0598858
84,0.00134775
85,0.0558608
86,0.00116255
87,0.0538462
88,0.00106831
89,0.0520576
90,0.000995644
91,0.0520243
92,0.000990129
93,0.0484808
94,0.000884882
95,0.0435162
96,0.000781666
97,0.0448149
98,0.000751182
99,0.0451764
100,0.000741275
1,0.635242
2,0.63708
3,0.262463
4,0.111367
5,0.00434474
6,0.0815722
7,0.00259803
8,0.0286859
9,0.00102514
10,0.0391982
11,0.000735196
12,0.0469596
13,0.00078563
14,0.0484705
15,0.000859191
16,0.0439832
17,0.000744254
18,0.0474619
19,0.000808181
20,0.0472909
21,0.000821931
22,0.0444814
23,0.000747241
24,0.0469831
25,0.000794855
26,0.0467727
27,0.000802578
28,0.0450863
29,0.000757169
30,0.0459385
31,0.000769872
32,0.045628
33,0.000764865
34,0.0453363
35,0.000755815
36,0.0456363
37,0.000761525
38,0.0454331
39,0.000757666
40,0.0455613
41,0.00076008
42,0.0453932
43,0.000756278
44,0.0455662
45,0.000759849
46,0.0454001
47,0.00075641
48,0.0455623
49,0.000759786
50,0.0453956
51,0.000756276
52,0.045565
53,0.000759821
54,0.0453951
55,0.00075627
56,0.045567
57,0.000759872
58,0.0453935
59,0.000756238
60,0.0455696
61,0.000759932
62,0.0453923
63,0.000756217
64,0.0455722
65,0.000759996
66,0.045391
67,0.000756195
68,0.045575
69,0.000760061
70,0.0453897
71,0.000756174
72,0.0455778
73,0.000760129
74,0.0453884
75,0.000756153
76,0.0455807
77,0.0007602
78,0.0453871
79,0.000756132
80,0.0455837
81,0.000760272
82,0.0453858
83,0.000756112
84,0.0455867
85,0.000760347
86,0.0453845
87,0.000756092
88,0.0455899
89,0.000760424
90,0.0453832
91,0.000756073
92,0.0455931
93,0.000760504
94,0.0453819
95,0.000756054
96,0.0455965
97,0.000760586
98,0.0453806
99,0.000756035
100,0.0455999
1,1.36262
2,0.863529
3,1.48503
4,1.40162
5,0.982465
6,0.520744
7,0.696754
8,0.467825
9,0.32383
10,0.0662013
11,0.496548
12,0.246997
13,0.186572
14,0.0170316
15,0.00264262
16,0.0110582
17,0.00284434
18,0.00872888
19,0.0196143
20,0.0196305
21,0.0660038
22,0.00482789
23,0.0245006
24,0.00174623
25,0.00772348
26,0.00971459
27,0.00616369
28,0.15878
29,0.066362
30,0.00743362
31,0.000869318
32,0.0192527
33,0.0123466
34,0.00569966
35,0.00176321
36,0.0456463
37,0.000972383
38,0.0500744
39,0.000929701
40,0.0362137
41,0.000692612
42,0.0414919
43,0.000644411
44,0.0422102
45,0.000627058
46,0.0412589
47,0.00061378
48,0.0404762
49,0.000600758
50,0.0382665
51,0.000595278
52,0.0349902
53,0.000624453
54,0.027757
55,0.000879035
56,0.00147697
57,0.00065136
58,0.0295442
59,0.0109145
60,0.047621
61,0.00276434
62,0.0187169
63,0.00127808
64,0.00830596
65,0.408084
66,0.646003
67,0.232517
68,0.199574
69,0.0118616
70,0.0731929
71,0.00212989
72,0.050538
73,0.000902872
74,0.0415968
75,0.000623759
76,0.0366198
77,0.00156016
78,0.000651326
79,0.0417791
80,0.00315082
81,0.00247786
82,0.00141958
83,0.00205997
84,0.000765051
85,0.0356341
86,0.00497322
87,0.00460898
88,0.00141383
89,0.00734362
90,0.112806
91,0.0084243
92,0.0990495
93,0.00399996
94,0.117397
95,0.0116868
96,0.0894314
97,0.00243935
98,0.124422
99,0.0163562
100,0.0755082
1,1.564
2,1.11918
3,1.2334
4,1.73281
5,1.10386
6,1.05539
7,0.462416
8,0.103049
9,0.014659
10,0.0169506
11,0.118289
12,0.00467008
13,0.00794779
14,0.0117396
15,0.0200089
16,0.0133809
17,0.109431
18,0.00461457
19,0.00781164
20,0.00760737
21,0.0129543
22,0.0556746
23,0.00317984
24,0.0341865
25,0.00140852
26,0.0150332
27,0.00308097
28,0.739743
29,1.08299
30,0.864245
31,0.872203
32,0.73227
33,0.279467
34,0.234958
35,0.0169225
36,0.0019768
37,0.0220399
38,0.00259841
39,0.143485
40,0.0317783
41,0.0440115
42,0.000901187
43,0.0268704
44,0.00103234
45,0.0149203
46,0.00399813
47,0.181151
48,0.116091
49,0.0392849
50,0.00405082
51,0.0105289
52,0.00446415
53,0.0106953
54,0.00993056
55,0.118758
56,0.00548067
57,0.118151
58,0.00821059
59,0.108114
60,0.00573439
61,0.119892
62,0.0114605
63,0.0990595
64,0.00356756
65,0.130366
66,0.0191804
67,0.07646
68,0.00173722
69,0.00726491
70,0.108777
71,0.00338211
72,0.00106478
73,0.0408792
74,0.0387918
75,0.000841674
76,0.0304032
77,0.00108354
78,0.0129954
79,0.011499
80,0.0474426
81,0.00352615
82,0.0550381
83,0.00145018
84,0.0356417
85,0.00109557
86,0.0076537
87,0.954618
88,1.05319
89,0.801405
90,1.28432
91,1.11238
92,0.698086
93,0.859488
94,0.635477
95,0.678673
96,0.965379
97,0.861391
98,1.50212
99,1.74032
100,0.906139
101,1.34708
102,0.876065
103,0.646893
104,0.115419
105,0.00535418
106,0.0212503
107,0.00258204
108,0.0187903
109,0.00179199
110,0.0119017
111,0.00296348
112,0.0247271
113,0.0887243
114,0.00650254
115,0.0712596
116,0.00219246
117,0.0548471
118,0.00115587
119,0.0461701
120,0.000824542
121,0.0361069
122,0.000892045
123,0.016854
124,0.00222453
125,0.000628122
126,0.816972
127,0.707533
128,0.530466
129,0.119991
130,0.205632
131,0.0125944
132,0.00522218
133,0.0130071
134,0.00146084
135,0.000756467
136,0.0220213
137,0.00134354
138,0.0103144
139,0.163902
140,0.100586
141,0.0037048
142,0.0026968
143,0.022151
144,0.00102101
145,0.0153748
146,0.0496123
147,0.0714141
148,0.00258488
149,0.0404558
150,0.00131538
1,2.08087
2,1.02982
3,0.966097
4,0.823897
5,0.468422
6,0.187796
7,0.0106294
8,0.119228
9,0.00567386
10,0.021051
11,0.00412164
12,0.00178578
13,0.00990545
14,0.0048828
15,0.00465226
16,0.00154363
17,0.00893594
18,0.00753786
19,0.00660638
20,0.00632698
21,0.000838501
22,0.00192136
23,0.000591232
24,0.437319
25,0.151462
26,0.130789
27,0.00559779
28,0.0431642
29,0.0015131
30,0.0491723
31,0.000826635
32,0.0415609
33,0.000641948
34,0.0331593
35,0.000746978
36,0.0166299
37,0.00180897
38,0.000590716
39,0.289943
40,0.0646976
41,0.0352601
42,0.00210397
43,0.00154721
44,0.00144961
45,0.00104838
46,0.00159836
47,0.000698215
48,0.0250614
49,0.00819204
50,0.0066545
51,0.00613213
52,0.00108494
53,0.00091642
54,0.00132919
55,0.000707861
56,0.0072348
57,0.031245
58,0.00440618
59,0.00259673
60,0.00203055
61,0.00136905
62,0.00159786
63,0.000862762
64,0.00323994
65,0.0184408
66,0.00750004
67,0.00191419
68,0.00189694
69,0.000593374
70,0.447527
71,0.244073
72,0.219354
73,0.0284222
74,0.0020711
75,0.0041381
76,0.00545382
77,0.0044944
78,0.00153832
79,0.00533031
80,0.00812137
81,0.00637055
82,0.00166883
83,0.00227973
84,0.000574737
85,0.150357
86,0.00665382
87,0.00926993
88,0.0102733
89,0.00486553
90,0.00422663
91,0.00153532
92,0.00657152
93,0.00680575
94,0.00543705
95,0.00161743
96,0.00556107
97,0.0161969
98,0.00739146
99,0.00711682
100,0.00081619
101,0.00212161
102,0.000583221
103,1.3089
104,0.745103
105,1.02699
106,0.642691
107,0.189322
108,0.220428
109,0.0829933
110,0.0454225
111,0.100488
112,0.0038622
113,0.0380279
114,0.00194902
115,0.034067
116,0.00130039
117,0.0277351
118,0.00123279
119,0.00171495
120,0.000805812
121,0.012328
122,0.0309207
123,0.0925212
124,0.00673671
125,0.0457168
126,0.00161229
127,0.0212622
128,0.00221214
129,0.000578934
130,0.691043
131,0.288158
132,0.0475812
133,0.0750056
134,0.00255368
135,0.0355697
136,0.00106646
137,0.0411184
138,0.000705196
139,0.0403115
140,0.000677892
141,0.0309427
142,0.000808279
143,0.00276317
144,0.182088
145,0.0116861
146,0.0025564
147,0.15142
148,0.0386106
149,0.0342696
150,0.000735799
1,1.79901
2,2.67215
3,0.749426
4,0.700728
5,0.670383
6,0.926476
7,0.778807
8,2.08431
9,1.20142
10,0.126184
11,0.029143
12,0.00225208
13,0.00219934
14,0.0119607
15,0.0112106
16,0.0841327
17,0.00217032
18,0.00655896
19,0.103226
20,0.00933998
21,0.00113374
22,0.0107825
23,0.0724268
24,0.00302133
25,0.000587074
26,0.0355323
27,0.00275841
28,0.114523
29,0.00953193
30,0.0852916
31,0.00222308
32,0.00589387
33,0.0968899
34,0.00535852
35,0.00126507
36,0.00917212
37,0.106096
38,0.00645645
39,0.00109444
40,0.0132448
41,0.775569
42,0.903538
43,1.21596
44,0.889654
45,0.533665
46,0.894915
47,0.807283
48,0.476273
49,0.0991607
50,0.104593
51,0.00443321
52,0.0061112
53,0.00268698
54,0.00724598
55,0.0103766
56,0.00749727
57,0.00627647
58,0.00798782
59,0.000833869
60,0.00186114
61,0.000598214
62,0.324062
63,0.0849016
64,0.0536516
65,0.00267982
66,0.0142408
67,0.0026597
68,2.06574
69,0.918544
70,0.297783
71,0.337846
72,0.0412151
73,0.192845
74,0.0140147
75,0.0290402
76,0.00662576
77,0.0146636
78,0.00627787
79,0.13075
80,0.0189097
81,0.0785419
82,0.00219725
83,0.00727167
84,0.0112119
85,0.00276556
86,0.000752339
87,0.111917
88,0.00377665
89,0.0031212
90,0.00152189
91,0.00307146
92,0.000765594
93,0.0084768
94,0.00274074
95,0.000638135
96,0.202994
97,0.0112139
98,0.0409451
99,0.00193642
100,0.0508765
101,0.000935111
102,0.0334256
103,0.000733306
104,0.0319001
105,0.000703131
106,0.0251915
107,0.00092367
108,0.00151191
109,0.00068036
110,0.026743
111,0.00850239
112,0.00673304
113,0.00958343
114,0.00155314
115,0.000662815
116,0.0373874
117,0.00434585
118,0.00361592
119,0.00139903
120,0.00438814
121,0.00837298
122,0.00620951
123,0.00164824
124,0.0023094
125,0.000583972
126,0.465368
127,0.106568
128,0.459656
129,0.0878512
130,0.69971
131,0.136738
132,0.140394
133,0.00620414
134,0.0042954
135,0.00280727
136,0.00240373
137,0.00157366
138,0.00200476
139,0.000924966
140,0.00990665
141,0.0582363
142,0.00659201
143,0.00327801
144,0.000779257
145,0.00262746
146,0.0419177
147,0.000720529
148,0.0313496
149,0.0017597
150,0.000614233
1,2.94694
2,1.38379
3,2.01993
4,1.4074
5,1.11687
6,0.989705
7,0.498145
8,0.704217
9,0.191248
10,0.527157
11,0.0925005
12,1.67882
13,0.863609
14,0.476327
15,0.0920037
16,1.29132
17,0.757665
18,1.09194
19,0.68963
20,0.344547
21,0.582832
22,0.194434
23,0.51386
24,0.113566
25,0.722615
26,0.351348
27,0.570507
28,0.115932
29,0.552566
30,0.170898
31,0.0991762
32,0.00471539
33,0.0192777
34,0.002941
35,0.00730232
36,0.0130117
37,0.0102916
38,0.007434
39,0.00843845
40,0.00165152
41,0.000667936
42,0.0263932
43,0.000937859
44,0.0121515
45,0.0209372
46,0.0666406
47,0.00134238
48,0.00759219
49,0.342586
50,0.0515871
51,0.0324733
52,0.00198255
53,0.00118415
54,0.0167617
55,0.00298787
56,0.1196
57,0.0114785
58,0.0818686
59,0.00199656
60,0.00581577
61,0.275609
62,0.924645
63,0.730319
64,0.956412
65,0.297353
66,0.159744
67,0.00876346
68,0.0544439
69,0.00380979
70,0.0508376
71,0.00197581
72,0.0647645
73,0.00155726
74,0.0396936
75,0.00100487
76,0.030826
77,0.00118303
78,0.0102293
79,0.098102
80,0.00472945
81,0.00119119
82,0.0606074
83,0.00356462
84,0.0108363
85,0.000845483
86,0.00321842
87,0.121104
88,0.0161759
89,0.0700674
90,0.0014948
91,0.00888046
92,0.00804943
93,0.0029255
94,0.00320504
95,0.0103623
96,0.00775838
97,0.0235274
98,0.00768356
99,0.013523
100,0.000667924
101,0.0227307
102,0.0576288
103,0.00109033
104,0.0105843
105,0.169648
106,0.0208106
107,0.00191569
108,0.0232941
109,0.00202065
110,0.000584596
111,0.0369544
112,0.000756971
113,0.0177268
114,0.00528779
115,0.10206
116,0.00537436
117,0.10061
118,0.00518152
119,0.105892
120,0.0073391
121,0.10004
122,0.00509725
123,0.111813
124,0.0104592
125,0.0918943
126,0.00297799
127,0.125243
128,0.0203859
129,0.0631175
130,0.00123075
131,0.0108755
132,0.0153529
133,0.0731007
134,0.00160529
135,0.0071751
136,1.06444
137,0.98157
138,1.21124
139,0.881671
140,1.07796
141,0.875629
142,0.431051
143,0.0807555
144,0.0814188
145,0.00443585
146,0.0633541
147,0.00161047
148,0.0483217
149,0.000957284
150,0.0388634
1,0.318344
2,0.0520179
3,0.0105673
4,0.141863
5,0.0282471
6,0.0716595
7,0.00158787
8,0.0166928
9,0.00181155
10,0.000918799
11,0.00962851
12,0.0834419
13,0.0160299
14,0.11345
15,0.00401097
16,0.0108935
17,0.00570861
18,0.166662
19,0.27073
20,0.0241227
21,0.0652745
22,0.0024563
23,0.00147317
24,0.00228044
25,0.000807499
26,0.0475497
27,0.00213907
28,0.00109694
29,0.0029796
30,0.3823
31,0.0517805
32,0.155363
33,0.00728437
34,0.0278042
35,0.00228052
36,0.0834987
37,0.00318165
38,0.0100415
39,0.00280339
40,0.000762811
41,0.0444159
42,0.000725525
43,0.0428471
44,0.000693567
45,0.0342171
46,0.000699806
47,0.0282554
48,0.000907215
49,0.0161838
50,0.0217646
51,0.0588427
52,0.00116039
53,0.0118316
54,0.601607
55,0.569287
56,0.204864
57,0.0628875
58,0.00338357
59,0.0450336
60,0.00144368
61,0.0216954
62,0.00174811
63,0.00126439
64,0.0169395
65,0.00161794
66,0.000662132
67,0.0276717
68,0.0016803
69,0.0128736
70,0.0694343
71,0.00413558
72,0.000609101
73,0.0327469
74,0.000999098
75,0.0171382
76,2.19586
77,0.895624
78,1.31953
79,1.18
80,1.28887
81,1.32845
82,0.648048
83,0.222553
84,0.0300899
85,0.0244182
86,0.130176
87,0.00841905
88,0.141476
89,0.020749
90,0.0893292
91,0.00254778
92,0.00501157
93,0.00408042
94,0.00145839
95,0.0112438
96,0.0144611
97,0.05419
98,0.0034399
99,0.0291141
100,0.00165911
101,0.0107793
102,0.0149155
103,0.013706
104,0.0550839
105,0.00348505
106,0.0271176
107,0.00180403
108,0.00879074
109,0.0211523
110,0.00341901
111,0.00227129
112,0.00158118
113,0.00147746
114,0.00104592
115,0.00162648
116,0.000696177
117,0.0300511
118,0.00724605
119,0.00552389
120,0.00151587
121,0.00319287
122,0.142854
123,0.0309007
124,0.0445584
125,0.000856969
126,0.0174406
127,0.00606815
128,0.118959
129,0.00994343
130,0.00375403
131,0.00140075
132,0.0133908
133,0.038246
134,0.0018758
135,0.000608537
136,0.248061
137,0.0365414
138,0.0161388
139,0.107402
140,0.00703455
141,0.133421
142,0.0283491
143,0.0587074
144,0.00128761
145,0.0155307
146,0.00250662
147,0.172938
148,0.0146157
149,0.00144345
150,0.00437263
1,1.74912
2,1.25772
3,1.34652
4,1.58488
5,0.380757
6,0.0720048
7,0.266505
8,0.0228869
9,0.0397623
10,0.00175259
11,0.000991829
12,0.00367584
13,0.328687
14,0.0798583
15,1.01507
16,0.0296701
17,0.00465304
18,0.0159294
19,0.00205278
20,0.0102421
21,0.0945461
22,0.00253461
23,0.000760869
24,0.0855987
25,0.00207921
26,0.000928855
27,0.00740546
28,0.527769
29,0.522369
30,0.12686
31,0.149383
32,0.00671159
33,0.0431087
34,0.00217088
35,0.0300677
36,0.00140425
37,0.0125919
38,0.0101792
39,0.0415747
40,0.104596
41,0.00955703
42,0.0325317
43,0.00316081
44,0.00900011
45,0.00359523
46,0.0234743
47,0.0759647
48,0.00488351
49,0.0392176
50,0.00158952
51,0.0169875
52,0.00240482
53,2.009
54,0.725808
55,1.40095
56,1.00497
57,0.996992
58,1.14537
59,0.877388
60,1.61375
61,0.3209
62,0.339409
63,0.0383295
64,0.00353353
65,0.00637136
66,0.00441507
67,0.0029685
68,0.00261359
69,0.00158681
70,0.00252129
71,0.000846688
72,0.0594532
73,0.00254051
74,0.00116846
75,0.00309047
76,1.32252
77,0.918348
78,1.69467
79,1.61341
80,1.02995
81,0.687783
82,0.304463
83,0.493772
84,0.131352
85,0.0964345
86,0.00709244
87,0.0295373
88,0.00131483
89,0.0288641
90,0.00179394
91,0.018349
92,0.0625659
93,0.0202346
94,0.000825102
95,0.0465012
96,0.000796351
97,0.0460857
98,0.000779494
99,0.0461083
100,0.000773086
101,0.0468078
102,0.000793488
103,0.0466906
104,0.000798199
105,0.0450807
106,0.000757967
107,0.0454895
108,0.000756852
109,0.0450964
110,0.000748984
111,0.0449271
112,0.000742218
113,0.0444359
114,0.000730141
115,0.0448505
116,0.000734038
117,0.0448246
118,0.000737099
119,0.0447117
120,0.000734605
121,0.0441936
122,0.000723042
123,0.0448048
124,0.000730819
125,0.0448544
126,0.000737345
127,0.0446235
128,0.000733167
129,0.0439881
130,0.000718443
131,0.0448443
132,0.000729463
133,0.0451446
134,0.000744639
135,0.0444835
136,0.000732253
137,0.0437973
138,0.000714441
139,0.0448724
140,0.000727449
141,0.0455656
142,0.000755767
143,0.044298
144,0.000730743
145,0.0437851
146,0.000713736
147,0.0448766
148,0.000727052
149,0.0456324
150,0.000757638
1,1.26858
2,0.764172
3,1.28891
4,0.989715
5,0.243086
6,0.323187
7,0.0346625
8,0.260296
9,0.0398843
10,0.15348
11,0.00893399
12,0.0129392
13,0.00560437
14,0.0041236
15,0.00289359
16,0.0015851
17,0.002188
18,0.000792949
19,0.0406993
20,0.0164029
21,0.00657535
22,0.0019636
23,0.0472917
24,0.00103969
25,0.0471934
26,0.00085162
27,0.0260761
28,0.000821603
29,0.0183024
30,0.00211213
31,0.000571873
32,2.24168
33,0.180453
34,0.0118467
35,0.020514
36,0.000872024
37,0.0279546
38,0.00832504
39,0.0208693
40,0.00657332
41,0.00203284
42,0.0446394
43,0.00101936
44,0.0524814
45,0.000973071
46,0.0489223
47,0.000850616
48,0.0371116
49,0.000601277
50,0.0387804
51,0.000602044
52,0.0320316
53,0.000678584
54,0.0222321
55,0.00161302
56,0.00061323
57,0.0985409
58,0.00290033
59,0.0104897
60,0.0103209
61,0.0435068
62,0.100597
63,0.0108648
64,0.0350392
65,0.00188049
66,0.0145855
67,0.00188271
68,0.00108123
69,0.00195218
70,0.000637747
71,0.138998
72,0.164313
73,0.121669
74,0.039915
75,0.00250452
76,0.0404661
77,0.000926669
78,0.0575033
79,0.00122076
80,0.0299953
81,0.000804377
82,0.0290645
83,0.00123858
84,0.0157796
85,0.0598793
86,0.0878667
87,0.00285346
88,0.0276744
89,0.00118205
90,0.0282314
91,0.000816906
92,0.0255613
93,0.000895386
94,0.0165744
95,0.02355
96,0.00388925
97,0.00207142
98,0.00165899
99,0.001036
100,0.00181954
101,0.000628708
102,0.127291
103,0.00498634
104,0.0193043
105,0.000886283
106,0.0194108
107,0.31056
108,0.0411721
109,0.00311037
110,0.022931
111,0.00217574
112,0.0089629
113,0.034139
114,0.00664512
115,0.033852
116,0.00190583
117,0.0130696
118,0.00208912
119,0.00116311
120,0.00194524
121,0.000656245
122,0.0967632
123,0.00554117
124,0.00261532
125,0.000998559
126,0.00140451
127,0.000699108
128,0.0121464
129,0.0533449
130,0.00865519
131,0.00324534
132,0.0255062
133,0.00135915
134,0.0244566
135,0.000966947
136,0.0186821
137,0.00164284
138,0.000612919
139,0.103721
140,0.00312591
141,0.0109006
142,0.00715233
143,0.0513183
144,0.108853
145,0.0130591
146,0.0364827
147,0.00228321
148,0.0134775
149,0.00140733
150,0.0107797
1,0.434495
2,0.115667
3,0.0101622
4,0.0299491
5,0.00385625
6,0.0019174
7,0.00285128
8,0.000884792
9,0.0524606
10,0.0071178
11,0.00678106
12,0.00163979
13,0.00134973
14,0.000920231
15,0.00205129
16,0.000628076
17,0.398304
18,0.09774
19,0.0802807
20,0.0791817
21,0.00264494
22,0.0611705
23,0.00130256
24,0.0501574
25,0.000909756
26,0.0298059
27,0.000780953
28,0.0236581
29,0.0009944
30,0.00135532
31,0.000774753
32,0.00440819
33,0.0510852
34,0.13806
35,0.0076983
36,0.0612761
37,0.00151741
38,0.040793
39,0.000859394
40,0.0236487
41,0.00134398
42,0.000790502
43,0.00343943
44,0.163429
45,0.0859545
46,0.00277115
47,0.0125791
48,0.00272936
49,1.47799
50,0.85093
51,1.1155
52,1.0188
53,1.75956
54,1.68392
55,1.47998
56,0.906858
57,0.300487
58,0.0329714
59,0.0470135
60,0.0748877
61,0.00267627
62,0.0623943
63,0.00148199
64,0.0456353
65,0.00103868
66,0.0340182
67,0.000976414
68,0.0200196
69,0.00207536
70,0.00730804
71,0.21134
72,0.0214459
73,0.00932384
74,0.137302
75,0.0504398
76,0.0320622
77,0.00104198
78,0.0032433
79,0.000865913
80,0.01554
81,0.0281834
82,0.00848046
83,0.00545892
84,0.0157078
85,0.000767748
86,0.00279821
87,0.117431
88,0.0129281
89,0.0771869
90,0.0018526
91,0.0081703
92,0.120964
93,0.0563758
94,0.00470749
95,0.0359983
96,0.00212017
97,0.00199985
98,0.00103467
99,0.0199287
100,0.00226594
101,0.00753372
102,0.0667976
103,0.00581893
104,0.000598444
105,0.036599
106,0.000666294
107,0.0243807
108,0.0010909
109,0.0111511
110,0.34332
111,0.354303
112,0.102536
113,0.0047748
114,0.00186011
115,0.00316169
116,0.000733334
117,0.00553068
118,0.00437898
119,0.0533878
120,0.0220504
121,0.00216933
122,0.0100248
123,0.00625992
124,0.00984867
125,0.00238653
126,0.0015707
127,0.000676226
128,0.0296727
129,0.067856
130,0.00317642
131,0.0180254
132,0.00128313
133,0.000781283
134,0.0193767
135,0.00263645
136,0.111407
137,0.00973943
138,0.0839208
139,0.00230422
140,0.00830587
141,0.0236482
142,0.0773561
143,0.0021479
144,0.00507151
145,0.190895
146,0.171634
147,0.0658585
148,0.00180502
149,0.000626154
150,0.0365423
1,1.26971
2,0.348766
3,0.0527005
4,0.0661854
5,0.0143978
6,0.0170678
7,0.000849812
8,0.0233996
9,0.00229804
10,0.0005826
11,0.316619
12,0.0348681
13,0.0252583
14,0.0021523
15,0.000614789
16,0.385535
17,0.741657
18,1.12798
19,1.5703
20,0.422679
21,0.0659976
22,0.503057
23,0.583191
24,0.15754
25,0.527601
26,0.205856
27,0.0577427
28,0.00291599
29,0.00216201
30,0.015218
31,0.00485612
32,0.11565
33,0.00983388
34,0.0917136
35,0.00270057
36,0.126738
37,0.0195848
38,0.0657271
39,0.00130138
40,0.00974455
41,0.0244244
42,0.0562707
43,0.00105892
44,0.00984267
45,0.0999379
46,0.00309161
47,0.00119271
48,0.0131759
49,0.249838
50,0.0203129
51,0.0365047
52,0.00248852
53,0.000698677
54,0.0403605
55,0.000592192
56,0.0364921
57,0.000605033
58,0.0305813
59,0.000700213
60,0.01972
61,0.00159082
62,0.00776571
63,0.944828
64,0.786079
65,0.452649
66,0.579589
67,0.160997
68,0.181044
69,0.0134847
70,0.00530086
71,0.00149868
72,0.00452472
73,0.109109
74,0.00594011
75,0.0565512
76,0.00151444
77,0.04284
78,0.000747648
79,0.0315395
80,0.00121853
81,0.00702955
82,0.393811
83,0.110049
84,0.0828059
85,0.0468273
86,0.00172276
87,0.0251633
88,0.00095318
89,0.00522535
90,0.863564
91,0.974219
92,0.564891
93,1.59305
94,0.857569
95,0.763145
96,1.1296
97,0.847035
98,1.14264
99,0.0926739
100,0.00293978
101,0.0748686
102,0.00214448
103,0.0354911
104,0.0010618
105,0.0596341
106,0.0013792
107,0.0209555
108,0.00119993
109,0.000977359
110,0.0175451
111,0.0260122
112,0.04916
113,0.00102921
114,0.0182349
115,0.222752
116,0.066743
117,0.0327571
118,0.0712576
119,0.00244769
120,0.00581511
121,0.078928
122,0.0028167
123,0.000809871
124,0.0387022
125,0.000630619
126,0.0349849
127,0.000748749
128,0.0210518
129,0.0040719
130,0.104243
131,0.00652362
132,0.093968
133,0.00371706
134,0.110661
135,0.0102687
136,0.0875582
137,0.00263993
138,0.123924
139,0.0198242
140,0.0626346
141,0.00126935
142,0.0116149
143,0.0173852
144,0.0729297
145,0.00173474
146,0.0112598
147,0.0392116
148,0.00187827
149,0.000593886
150,0.03136
1,0.624641
2,0.644798
3,0.362699
4,0.298196
5,0.463713
6,0.352679
7,0.519614
8,0.144022
9,1.57886
10,1.7071
11,0.980938
12,0.482545
13,0.364545
14,0.182264
15,0.279397
16,0.0797336
17,0.0244222
18,0.0925068
19,0.0034817
20,0.0312283
21,0.00227521
22,0.0133887
23,0.0463817
24,0.00225502
25,0.00096744
26,0.0273853
27,0.00221342
28,0.0113904
29,0.060202
30,0.0127396
31,0.000667862
32,0.0393473
33,0.000766615
34,0.02619
35,0.00199795
36,0.0115062
37,0.101216
38,0.00581148
39,0.00129319
40,0.0544572
41,0.00789536
42,0.0387198
43,0.000901225
44,0.0374787
45,0.00130174
46,0.0145647
47,0.598292
48,0.170961
49,0.0737985
50,0.00348965
51,0.00200418
52,0.0139659
53,0.00146491
54,0.00102068
55,0.0154836
56,0.00246193
57,0.122032
58,0.0158361
59,0.0701086
60,0.00148287
61,0.00848887
62,0.0158977
63,0.002124
64,0.00059987
65,0.0370021
66,0.000919595
67,0.0130337
68,0.0554211
69,0.0115566
70,0.000578603
71,0.0349539
72,0.00067964
73,0.0211358
74,0.00147183
75,0.00845173
76,1.95561
77,0.181769
78,0.18443
79,0.009923
80,0.0184971
81,0.00502273
82,0.0212852
83,0.00114509
84,0.017672
85,0.0322797
86,0.00203043
87,0.000665738
88,0.0397713
89,0.000615137
90,0.0404462
91,0.000605322
92,0.0398643
93,0.000596774
94,0.038904
95,0.000587926
96,0.0367613
97,0.000607238
98,0.0313913
99,0.00128026
100,0.0170972
101,0.14296
102,0.075615
103,0.00167711
104,0.0114755
105,0.01363
106,0.0748254
107,0.00197471
108,0.0161424
109,0.00778834
110,0.116302
111,0.0149784
112,0.0833808
113,0.00260087
114,0.125106
115,0.020294
116,0.0715878
117,0.00184617
118,0.0108236
119,0.0314645
120,0.0448585
121,0.000919935
122,0.0205858
123,2.40831
124,1.84222
125,0.38677
126,0.224452
127,0.0258039
128,0.0410872
129,0.0740318
130,0.00223065
131,0.0300066
132,0.00139539
133,0.0191336
134,0.00203971
135,0.000688296
136,0.102482
137,0.00305134
138,0.00303175
139,0.00137724
140,0.0369661
141,0.00121315
142,0.00129086
143,0.000876407
144,0.00179572
145,0.000599746
146,0.188395
147,0.016872
148,0.00584884
149,0.0337411
150,0.00157273
1,0.83663
2,0.702813
3,0.416722
4,0.0682286
5,0.10632
6,0.0667114
7,0.00331576
8,0.0307808
9,0.00140803
10,0.0297072
11,0.00098686
12,0.0211083
13,0.00145371
14,0.00644077
15,0.283657
16,0.494014
17,0.249302
18,0.374804
19,0.0606625
20,0.0570036
21,0.00209022
22,0.0079798
23,0.00600487
24,0.00544144
25,0.00391075
26,0.00633155
27,0.00270661
28,0.0267678
29,0.00679522
30,0.0108016
31,0.000965039
32,0.0114976
33,0.0329373
34,0.0404936
35,0.000764689
36,0.0165602
37,0.00198056
38,0.00561188
39,0.298935
40,0.542792
41,0.473224
42,0.828203
43,0.469785
44,0.722986
45,1.0912
46,1.04487
47,0.93923
48,0.59738
49,0.694105
50,0.850346
51,0.442795
52,0.190796
53,0.0461414
54,0.00252919
55,0.00189845
56,0.0176
57,0.0125336
58,0.0911262
59,0.0026579
60,0.124305
61,0.0157357
62,0.0760945
63,0.00175684
64,0.00858545
65,0.0148654
66,0.00633726
67,0.0026547
68,0.000682677
69,0.0391328
70,0.000669418
71,0.0378711
72,0.000678834
73,0.0339851
74,0.000743502
75,0.0252408
76,0.00118567
77,0.0118742
78,0.268652
79,0.210159
80,0.0248559
81,0.00222048
82,0.000660757
83,0.0388517
84,0.00200716
85,0.00990184
86,0.100598
87,0.00340093
88,0.00485854
89,0.00130864
90,0.00332501
91,0.114691
92,0.00915527
93,0.0883974
94,0.00250538
95,0.12361
96,0.0166455
97,0.0714808
98,0.00156608
99,0.00920231
100,0.0188477
101,0.00226029
102,0.000627076
103,0.0378273
104,0.00106491
105,0.0125636
106,0.183928
107,0.0869
108,0.00218744
109,0.00898388
110,0.00444328
111,0.00203764
112,0.0206249
113,0.00117898
114,0.0189738
115,0.00137712
116,0.0105553
117,0.0214422
118,0.00215781
119,0.00060809
120,0.0362141
121,0.000990374
122,0.0139797
123,0.21707
124,0.142268
125,0.00816697
126,0.0869406
127,0.00242227
128,0.0102453
129,0.0271065
130,0.00669999
131,0.00457183
132,0.0164447
133,0.000682467
134,0.0153348
135,0.0743655
136,0.0017395
137,0.00891076
138,0.181463
139,0.205287
140,0.323283
141,0.863668
142,1.34016
143,1.06772
144,0.993642
145,0.851331
146,1.2977
147,1.06524
148,0.803071
149,1.43099
150,1.74544
151,1.17904
152,0.844469
153,0.905892
154,0.388271
155,1.58033
156,0.894758
157,0.942487
158,1.07661
159,0.83441
160,1.54141
161,1.09779
162,0.752501
163,0.717427
164,1.02707
165,1.03146
166,1.10827
167,0.90716
168,1.00129
169,0.684599
170,0.281211
171,0.324803
172,0.0341048
173,0.00797161
174,0.0029985
175,0.000728208
176,0.0450283
177,0.000720688
178,0.0369377
179,0.000628164
180,0.130142
181,0.0189416
182,0.00105619
183,0.0163283
184,0.079613
185,0.00196968
186,0.000604382
187,0.0355782
188,0.00161716
189,0.0101712
190,0.318311
191,0.299824
192,0.0614929
193,0.00559332
194,0.00120255
195,0.0442759
196,0.000849929
197,0.0435412
198,0.000695251
199,0.0335511
200,0.000642106
1,1.60038
2,1.73358
3,2.09011
4,1.02335
5,1.1223
6,1.27261
7,0.76285
8,0.457909
9,1.10729
10,1.02596
11,0.673574
12,1.34477
13,0.759886
14,0.782057
15,1.12971
16,1.05521
17,0.703836
18,0.403833
19,0.657256
20,0.327464
21,0.536913
22,0.217697
23,0.333051
24,0.0240735
25,0.0113827
26,0.172467
27,0.0463502
28,0.0586622
29,0.00160126
30,0.0379086
31,0.000976668
32,0.0340501
33,0.00109245
34,0.0217063
35,0.070039
36,0.0421904
37,0.0015814
38,0.0200512
39,0.0013536
40,0.0212028
41,0.00474239
42,0.0107857
43,0.00523924
44,0.00236424
45,0.00198507
46,0.000947256
47,0.00365545
48,0.394991
49,0.0910382
50,0.0617146
51,0.151016
52,0.00900486
53,0.055317
54,0.00276585
55,0.0460668
56,0.00121505
57,0.0410527
58,0.000779267
59,0.0358077
60,0.000663525
61,0.030807
62,0.197191
63,0.0140481
64,0.0212497
65,0.126419
66,0.0101873
67,0.125903
68,0.0131744
69,0.108404
70,0.00668771
71,0.122692
72,0.0159849
73,0.090128
74,0.0031382
75,0.130628
76,0.0253818
77,0.0619334
78,0.00142362
79,0.0161419
80,0.00361149
81,0.101953
82,0.00514915
83,0.093564
84,0.00376658
85,0.101893
86,0.00677424
87,0.0976386
88,0.00548999
89,0.106554
90,0.00918027
91,0.0987822
92,0.00594134
93,0.112566
94,0.0122207
95,0.0944759
96,0.00453483
97,0.121943
98,0.0179895
99,0.0802138
100,0.00227457
101,0.00854405
102,0.0182656
103,0.0467608
104,0.012078
105,0.0035718
106,0.0469156
107,0.00121637
108,0.058494
109,0.00132281
110,0.0388229
111,0.000775563
112,0.051405
113,0.000943786
114,0.0350873
115,0.000601359
116,0.0391954
117,0.000589504
118,0.0367072
119,0.00059624
120,0.032458
121,0.000731136
122,0.0215568
123,0.0167173
124,0.0103025
125,0.004576
126,0.00178804
127,0.0344061
128,0.000865885
129,0.0466428
130,0.000787572
131,0.0422952
132,0.000694441
133,0.0312946
134,0.000678848
135,0.0254398
136,0.00125633
137,0.000734076
138,0.00423879
139,0.313989
140,0.022496
141,0.0262728
142,0.102465
143,0.00380237
144,0.148023
145,0.0453159
146,0.028735
147,0.000822818
148,0.0457306
149,0.000754138
150,0.040411
151,0.00062742
152,0.0320422
153,0.000669385
154,0.0237385
155,0.00120149
156,0.00077739
157,0.00237406
158,0.203638
159,0.0123238
160,0.00120992
161,0.00788426
162,0.0375913
163,0.0062189
164,0.0026702
165,0.0215099
166,0.00141024
167,0.0158318
168,0.00189538
169,0.000617891
170,0.174645
171,0.010798
172,0.0204622
173,0.00151303
174,0.0104205
175,0.0328912
176,0.0861156
177,0.00252599
178,0.0135348
179,0.00218051
180,0.00747546
181,0.0531684
182,0.00682865
183,0.00537709
184,0.0112555
185,0.00102097
186,0.0104776
187,0.0531533
188,0.00380081
189,0.00284727
190,0.00138588
191,0.00250411
192,0.000678222
193,0.0761728
194,0.0159787
195,0.00174279
196,0.00233789
197,0.000781791
198,0.0357026
199,0.00241374
200,0.00131301
1,1.9239
2,1.01612
3,0.973305
4,2.08837
5,2.13798
6,0.891561
7,0.623847
8,0.359692
9,0.686119
10,0.382923
11,0.957805
12,2.02206
13,0.960754
14,0.722415
15,0.671213
16,0.661589
17,0.276391
18,0.449833
19,0.112058
20,0.294469
21,0.0398217
22,0.198749
23,0.0168857
24,0.156062
25,0.00986865
26,0.125577
27,0.00658192
28,0.0997664
29,0.00394688
30,0.0809897
31,0.00262475
32,0.0516837
33,0.00163195
34,0.0469109
35,0.00117764
36,0.0416751
37,0.000964929
38,0.0338369
39,0.00100357
40,0.0208518
41,0.00787093
42,0.0914267
43,0.00311413
44,0.108165
45,0.00866841
46,0.0894865
47,0.00296639
48,0.118001
49,0.0151342
50,0.0741234
51,0.00176749
52,0.00974264
53,0.0379198
54,0.00477963
55,0.00141858
56,0.0473001
57,0.000934027
58,0.0384451
59,0.000617774
60,0.0413065
61,0.000613336
62,0.0400051
63,0.000600524
64,0.0358312
65,0.000604937
66,0.0314719
67,0.000696892
68,0.0214039
69,0.00190056
70,0.00925351
71,0.0755041
72,0.00196759
73,0.000599539
74,0.0310842
75,0.00080683
76,0.0171248
77,0.0249213
78,0.0506989
79,0.000962706
80,0.0138305
81,0.219488
82,0.0871811
83,0.0025544
84,0.0204893
85,0.00154501
86,0.00064573
87,0.0311266
88,0.00173857
89,0.00159595
90,0.0145932
91,0.00285442
92,0.00248231
93,0.011375
94,0.00128981
95,0.000820485
96,0.0209112
97,0.512421
98,2.28614
99,1.65715
100,2.17154
101,1.14248
102,0.883607
103,0.737785
104,0.381605
105,0.0161119
106,0.0108777
107,0.00305677
108,0.00308925
109,0.0524673
110,0.00199932
111,0.000695062
112,0.0593502
113,0.00195727
114,0.000630788
115,0.162892
116,0.00851094
117,0.0313161
118,0.00102456
119,0.0199498
120,0.0495032
121,0.0257712
122,0.000702717
123,0.0377975
124,0.000619374
125,0.0406154
126,0.000609328
127,0.0407449
128,0.000601794
129,0.0400446
130,0.000594766
131,0.0391453
132,0.000588124
133,0.037239
134,0.000592786
135,0.0331075
136,0.000682958
137,0.0232645
138,0.00250634
139,0.0667733
140,0.0101067
141,0.00359574
142,0.0261047
143,0.00138072
144,0.0263838
145,0.000913637
146,0.0224841
147,0.00112985
148,0.000886385
149,0.0014993
150,0.000639036
151,0.0446599
152,0.00477128
153,0.00268316
154,0.00156722
155,0.00156088
156,0.000903217
157,0.00226581
158,0.000589284
159,0.753458
160,0.621093
161,0.445932
162,0.322154
163,0.0608981
164,0.0290645
165,0.0971838
166,0.00383246
167,0.0278047
168,0.0016606
169,0.0121663
170,0.105209
171,0.00415857
172,0.00617624
173,0.0017505
174,0.0105189
175,0.149923
176,0.0764826
177,0.269045
178,0.0308392
179,0.169545
180,0.0124285
181,0.124257
182,0.00613982
183,0.105078
184,0.00435697
185,0.0957124
186,0.00346483
187,0.0634849
188,0.00163965
189,0.0575209
190,0.00125222
191,0.0527703
192,0.00103853
193,0.0480318
194,0.00088516
195,0.0428187
196,0.000786667
197,0.0357492
198,0.00081656
199,0.0236224
200,0.00230503
1,1.41476
2,1.14471
3,1.13009
4,1.34657
5,0.805571
6,0.474659
7,0.355258
8,0.0366076
9,0.0489852
10,0.00270995
11,0.0100765
12,0.00242748
13,0.000944736
14,0.0273231
15,0.0215658
16,0.00911198
17,0.00237673
18,0.067903
19,0.00165029
20,0.0242708
21,0.00118578
22,0.01618
23,0.00387645
24,0.15848
25,0.0101267
26,0.0105439
27,0.00336999
28,0.00958868
29,0.00168576
30,0.000809067
31,0.0145588
32,0.0290268
33,0.00861456
34,0.00258177
35,0.0482316
36,0.00124967
37,0.0541817
38,0.00113404
39,0.0278828
40,0.000929318
41,0.02229
42,0.00126357
43,0.00100471
44,0.00159613
45,0.000735468
46,0.0256889
47,0.014014
48,0.0072382
49,0.00195296
50,0.00246758
51,0.000627457
52,1.2068
53,0.135576
54,0.00978027
55,0.00835333
56,0.0706766
57,0.00241161
58,0.130268
59,0.023336
60,0.0584082
61,0.00128893
62,0.00891428
63,0.0359264
64,0.00246986
65,0.00155142
66,0.00180615
67,0.000860525
68,0.00819971
69,0.16019
70,0.115055
71,0.00381595
72,0.00407363
73,0.00118602
74,0.0103125
75,0.0624558
76,0.0054644
77,0.00514459
78,0.00170784
79,0.00838987
80,0.111496
81,0.0105961
82,0.00317974
83,0.00944766
84,0.00441258
85,0.00372711
86,0.00148116
87,0.00431391
88,0.00642778
89,0.00533835
90,0.00159601
91,0.00550046
92,0.0148841
93,0.00747869
94,0.00635657
95,0.000857491
96,0.00167266
97,0.000616089
98,0.107376
99,0.00333996
100,0.00088056
101,0.010402
102,0.0740126
103,0.0696257
104,0.00279064
105,0.00225879
106,0.0013864
107,0.00191605
108,0.000791005
109,0.0202206
110,0.00918936
111,0.00682683
112,0.0016516
113,0.00120743
114,0.000814543
115,0.0021135
116,0.000577698
117,1.39407
118,1.11012
119,1.13054
120,0.409805
121,0.138621
122,0.396765
123,0.0624934
124,0.0415246
125,0.00239449
126,0.0155976
127,0.0020637
128,0.00906117
129,0.0172922
130,0.0054193
131,0.00340428
132,0.00732323
133,0.00277772
134,0.000654547
135,0.0419116
136,0.000628463
137,0.038716
138,0.000619926
139,0.0351298
140,0.000652543
141,0.0272354
142,0.000843678
143,0.0147032
144,0.00662909
145,0.105089
146,0.00575994
147,0.10481
148,0.00593662
149,0.107582
150,0.00716626
151,0.104765
152,0.00602713
153,0.110835
154,0.00877269
155,0.100746
156,0.00458735
157,0.118313
158,0.0132837
159,0.0858495
160,0.00219579
161,0.0055117
162,0.00568562
163,0.00345623
164,0.000788308
165,0.0437665
166,0.000671367
167,0.0401324
168,0.000648664
169,0.0263159
170,0.000883032
171,0.0122248
172,0.0119707
173,0.0915471
174,0.00261705
175,0.122273
176,0.0147779
177,0.0771244
178,0.00172075
179,0.00591366
180,0.0242401
181,0.00212197
182,0.000593307
183,0.989406
184,0.896646
185,0.552234
186,0.947691
187,0.634322
188,0.309809
189,0.0664711
190,0.0339186
191,0.1838
192,0.0254481
193,0.133172
194,0.00722185
195,0.146251
196,0.0232774
197,0.0838286
198,0.0024476
199,0.0097504
200,0.0142519
1,1.86522
2,1.05687
3,0.577539
4,0.178848
5,0.0405657
6,0.129346
7,0.00641126
8,0.0601318
9,0.00137553
10,0.0370013
11,0.000675425
12,0.0326771
13,0.00111865
14,0.0215879
15,0.344984
16,0.786302
17,0.892053
18,0.666272
19,1.28692
20,1.35044
21,1.45246
22,1.56444
23,0.785503
24,0.432843
25,1.05621
26,0.248685
27,1.10289
28,0.825818
29,0.596318
30,0.598617
31,0.220618
32,0.546932
33,0.132616
34,0.364877
35,0.0568829
36,0.0129594
37,0.00204683
38,0.0131674
39,0.00236175
40,0.0146327
41,0.00166221
42,0.045557
43,0.0008629
44,0.0463837
45,0.000796345
46,0.0478476
47,0.000844304
48,0.0374004
49,0.000733381
50,0.0410158
51,0.000696099
52,0.0442714
53,0.000702692
54,0.0447571
55,0.000700655
56,0.0456749
57,0.000727584
58,0.0442907
59,0.000726686
60,0.0368943
61,0.000719506
62,0.03405
63,0.000796411
64,0.0253939
65,0.00166154
66,0.000773408
67,0.0268334
68,0.0238206
69,0.00958305
70,0.00263345
71,0.0647449
72,0.00159715
73,0.0305198
74,0.000940529
75,0.030704
76,0.00104964
77,0.0158764
78,0.0389308
79,0.0318521
80,0.106179
81,0.00906423
82,0.0440203
83,0.00270836
84,0.0146161
85,0.00409874
86,0.0734376
87,0.022787
88,0.00292416
89,0.00117227
90,0.0157965
91,0.201188
92,0.0118699
93,0.00828609
94,0.00275595
95,0.000658795
96,0.0154051
97,0.0919368
98,0.00381683
99,0.035849
100,0.00218881
101,0.00108546
102,0.00269546
103,0.000620459
104,0.0811617
105,0.00414468
106,0.00504178
107,0.00203137
108,0.00480609
109,0.0735981
110,0.00282745
111,0.00089711
112,0.0140584
113,0.0951735
114,0.00495028
115,0.119045
116,0.0174891
117,0.0760296
118,0.00203312
119,0.0103543
120,0.0185589
121,0.0794641
122,0.00208071
123,0.00703545
124,0.15868
125,0.101162
126,0.00359727
127,0.109277
128,0.00959773
129,0.10989
130,0.0108688
131,0.101109
132,0.00677939
133,0.113795
134,0.0134065
135,0.0887863
136,0.0032236
137,0.127529
138,0.0235133
139,0.0594681
140,0.00129518
141,0.0122278
142,0.0115494
143,0.00278033
144,0.00144975
145,0.00203122
146,0.000710673
147,0.0499782
148,0.00208544
149,0.000800669
150,0.0207525
151,0.0133782
152,0.00600931
153,0.00185209
154,0.045631
155,0.000990703
156,0.0497025
157,0.000937761
158,0.0314346
159,0.000712327
160,0.0315644
161,0.000659853
162,0.0276327
163,0.000785413
164,0.00230082
165,0.000569545
166,1.56699
167,0.989241
168,0.520301
169,0.41296
170,0.269754
171,0.0340756
172,0.0166901
173,0.115683
174,0.00484738
175,0.0332271
176,0.000971066
177,0.0251532
178,0.142634
179,0.0264626
180,0.00139264
181,0.0190631
182,0.103621
183,0.00303546
184,0.00134292
185,0.0407774
186,0.000848352
187,0.0477583
188,0.000829723
189,0.0480771
190,0.000843638
191,0.0456315
192,0.00078168
193,0.0432792
194,0.000730361
195,0.0452076
196,0.000736558
197,0.0464549
198,0.000758458
199,0.050506
200,0.000913365
1,0.389753
2,0.0596594
3,0.0371683
4,0.00202962
5,0.00152044
6,0.0111644
7,0.00582453
8,0.0224895
9,0.0076467
10,0.0091388
11,0.000630434
12,0.0582389
13,0.00391868
14,0.0197347
15,0.0030829
16,0.00223445
17,0.00162031
18,0.00149366
19,0.0104614
20,0.0362693
21,0.0145424
22,0.0076697
23,0.00184368
24,0.0595926
25,0.001273
26,0.0203005
27,0.00115277
28,0.00117392
29,0.00926657
30,0.0521925
31,0.00186312
32,0.00078818
33,0.0270578
34,0.000942362
35,0.0013293
36,0.00747785
37,0.641609
38,0.219401
39,0.258695
40,0.0205161
41,0.0820334
42,0.00454238
43,0.0435841
44,0.00174764
45,0.00658008
46,1.87512
47,1.22157
48,1.90327
49,2.11915
50,0.716032
51,0.296779
52,0.924223
53,1.02488
54,1.12265
55,0.939431
56,0.930347
57,0.699549
58,1.87712
59,1.86553
60,1.58694
61,1.2949
62,1.17177
63,0.949968
64,0.324055
65,0.621448
66,0.224317
67,0.0181464
68,0.0511789
69,0.0045983
70,0.0174748
71,0.000676511
72,0.0313363
73,0.000777931
74,0.0205876
75,0.0102852
76,0.0172445
77,0.00665881
78,0.00214872
79,0.0451151
80,0.00104358
81,0.0557551
82,0.001106
83,0.0541817
84,0.00103374
85,0.0303407
86,0.000710999
87,0.0300122
88,0.00143004
89,0.0114549
90,0.0166981
91,0.0019072
92,0.00231864
93,0.00056984
94,0.780013
95,1.56222
96,0.836064
97,1.08037
98,1.09787
99,0.749457
100,1.1832
101,0.927407
102,1.03154
103,0.828332
104,0.480545
105,0.574416
106,0.157468
107,0.241216
108,0.0197938
109,0.0933786
110,0.0041323
111,0.0640509
112,0.00149013
113,0.0569029
114,0.00111326
115,0.0519193
116,0.000927425
117,0.047395
118,0.000770259
119,0.0425524
120,0.000731982
121,0.0371537
122,0.000763454
123,0.0277755
124,0.000985158
125,0.014067
126,0.00701247
127,0.0528492
128,0.00472944
129,0.00883748
130,0.0163714
131,0.00549099
132,0.00589974
133,0.00728271
134,0.00541202
135,0.0449216
136,0.00459896
137,0.0277829
138,0.002361
139,0.0014972
140,0.00203827
141,0.000883389
142,0.017452
143,0.0102037
144,0.00811597
145,0.00247339
146,0.000851246
147,0.0431849
148,0.00263192
149,0.00175723
150,0.00185728
151,0.00103145
152,0.00377058
153,1.25849
154,1.17608
155,1.38425
156,0.868466
157,1.5326
158,0.942712
159,0.454521
160,0.321837
161,0.0381285
162,0.0223337
163,0.129977
164,0.0181829
165,0.112955
166,0.0104041
167,0.121629
168,0.0180278
169,0.0873079
170,0.00293145
171,0.137814
172,0.0348032
173,0.0403936
174,0.000853484
175,0.0233179
176,0.00128055
177,0.000727233
178,0.00539219
179,0.375277
180,0.0336563
181,0.0399559
182,0.112343
183,0.0055849
184,0.154711
185,0.0523803
186,0.0239872
187,0.000903478
188,0.0569261
189,0.00120826
190,0.0231983
191,0.00101646
192,0.0141818
193,0.0247139
194,0.0737707
195,0.00176902
196,0.00653055
197,0.55086
198,1.51633
199,0.85925
200,0.723485
1,1.06895
2,0.810636
3,0.617416
4,1.55291
5,1.12639
6,0.703876
7,2.13933
8,0.985876
9,1.68388
10,1.20216
11,1.27972
12,0.865893
13,1.02667
14,0.967743
15,0.622023
16,0.97735
17,1.47427
18,0.718436
19,0.446315
20,0.240946
21,0.0163991
22,0.192092
23,0.0173587
24,0.0623272
25,0.00535554
26,0.059561
27,0.00199339
28,0.0594894
29,0.00135361
30,0.0397064
31,0.00107877
32,0.0307287
33,0.00119229
34,0.0169641
35,0.0270893
36,0.0478668
37,0.000915031
38,0.0150647
39,0.0919911
40,0.00243067
41,0.00941299
42,0.0233268
43,0.081783
44,0.00241332
45,0.133261
46,0.0252925
47,0.0611756
48,0.00140932
49,0.00906591
50,0.461169
51,0.0832521
52,0.441242
53,0.112505
54,0.0153475
55,0.00320179
56,0.0114465
57,0.00305251
58,0.00295452
59,0.0101365
60,0.0135112
61,0.110236
62,0.0104961
63,0.101932
64,0.00700074
65,0.112176
66,0.0116914
67,0.0963347
68,0.00513963
69,0.117202
70,0.0145848
71,0.0870833
72,0.00303022
73,0.124063
74,0.0190139
75,0.0743733
76,0.00197692
77,0.00526766
78,0.265836
79,0.809975
80,1.09896
81,0.327843
82,0.0550541
83,0.186067
84,0.0106226
85,0.0265017
86,0.00215315
87,0.000781414
88,0.0288763
89,0.000885953
90,0.0161184
91,0.00433654
92,0.109954
93,0.00799698
94,0.0930219
95,0.00302678
96,0.119436
97,0.0145041
98,0.0771588
99,0.00175539
100,0.0069502
101,0.00465282
102,0.00692871
103,0.0298851
104,0.0084359
105,0.0190141
106,0.00217593
107,0.0485014
108,0.00106623
109,0.036454
110,0.000673397
111,0.036825
112,0.000636583
113,0.0278596
114,0.00208533
115,0.00390136
116,0.335743
117,0.542949
118,0.420519
119,0.0651056
120,0.0641444
121,0.00206485
122,0.00907594
123,0.00567932
124,0.0056802
125,0.00390256
126,0.00149039
127,0.00337897
128,0.0108685
129,0.00596204
130,0.00207113
131,0.0353813
132,0.000968642
133,0.051288
134,0.000890719
135,0.049743
136,0.000881842
137,0.033917
138,0.000674956
139,0.0392798
140,0.000614937
141,0.039742
142,0.000597127
143,0.0360104
144,0.000608479
145,0.0298942
146,0.000712053
147,0.0188291
148,0.00175581
149,0.00722396
150,0.373031
151,0.870699
152,1.116
153,0.630785
154,0.19173
155,0.0358535
156,0.00327453
157,0.00936113
158,0.0053227
159,0.0784915
160,0.0161749
161,0.0047301
162,0.0538923
163,0.00164169
164,0.0595751
165,0.00147608
166,0.0247845
167,0.00113868
168,0.0174929
169,0.00558354
170,0.00799372
171,0.00403657
172,0.00158348
173,0.00249892
174,0.00430169
175,0.0293637
176,0.00202019
177,0.000681544
178,0.0690102
179,0.00198182
180,0.000573482
181,1.47042
182,0.788659
183,0.341434
184,0.409122
185,0.0621577
186,0.362287
187,0.0918249
188,0.285933
189,0.0443526
190,0.261878
191,0.0614589
192,0.119346
193,0.00531967
194,0.0738262
195,0.00213431
196,0.0586806
197,0.00136252
198,0.0572311
199,0.0011729
200,0.0501141
1,1.17436
2,1.32139
3,1.41488
4,1.3717
5,0.718327
6,0.755377
7,0.763455
8,0.840706
9,2.64364
10,1.045
11,1.12489
12,0.820028
13,0.742485
14,0.758727
15,0.512866
16,0.348165
17,0.0464727
18,0.0257953
19,0.00204414
20,0.00180334
21,0.0014618
22,0.0016084
23,0.0010937
24,0.00224055
25,0.000731188
26,0.220464
27,0.0334527
28,0.0198405
29,0.126288
30,0.0150669
31,0.120656
32,0.0134697
33,0.112315
34,0.00979021
35,0.118294
36,0.0137156
37,0.100027
38,0.00524495
39,0.130371
40,0.0227721
41,0.0694074
42,0.00170299
43,0.0107593
44,0.0293579
45,0.00219738
46,0.00100404
47,0.0127368
48,0.232154
49,0.0351251
50,0.00254414
51,0.00135783
52,0.00262343
53,0.222998
54,0.350798
55,0.0642564
56,0.309162
57,0.0398692
58,0.0624857
59,0.00295326
60,0.00175516
61,0.0144398
62,0.00165819
63,0.0023376
64,0.000747113
65,0.0525243
66,0.00185994
67,0.000699116
68,0.0526029
69,0.00252023
70,0.00124913
71,0.00228842
72,0.000658424
73,0.130408
74,0.00509664
75,0.00745706
76,0.00150241
77,0.013106
78,0.00197245
79,0.0444638
80,0.000859844
81,0.0251682
82,0.0553752
83,0.537658
84,0.280225
85,0.0545247
86,0.0442258
87,0.105368
88,0.0037976
89,0.0200885
90,0.00208752
91,0.0129779
92,0.00266209
93,0.000806836
94,0.156437
95,0.00912694
96,0.00907767
97,0.00439418
98,0.148727
99,0.0279823
100,0.0587164
101,0.00123413
102,0.0122797
103,0.0668038
104,0.00214415
105,0.00106433
106,0.0061917
107,0.88381
108,0.587652
109,0.721887
110,0.304554
111,0.567396
112,0.160128
113,0.311633
114,0.0347355
115,0.138715
116,0.00783678
117,0.0976885
118,0.0034493
119,0.0776384
120,0.00223386
121,0.0457849
122,0.00126228
123,0.0519467
124,0.000963179
125,0.043768
126,0.000762609
127,0.0362014
128,0.000880252
129,0.0147634
130,0.0041606
131,0.0944459
132,0.00584143
133,0.0538666
134,0.00143544
135,0.0340252
136,0.000988077
137,0.0155712
138,0.00295558
139,0.36651
140,0.889142
141,0.594069
142,1.51563
143,0.749345
144,0.329233
145,0.669131
146,0.274257
147,0.730323
148,0.634321
149,0.458582
150,0.235839
151,0.0545696
152,0.0994791
153,0.00523321
154,0.0726072
155,0.00255046
156,0.0534212
157,0.00157382
158,0.0380129
159,0.00130625
160,0.00288325
161,0.0412451
162,0.061982
163,0.00380797
164,0.00427279
165,0.0038201
166,0.00234902
167,0.0019473
168,0.00130441
169,0.00172523
170,0.000805059
171,0.0114207
172,0.0591849
173,0.133347
174,0.0133801
175,0.0630286
176,0.00229171
177,0.0307097
178,0.00122201
179,0.00965017
180,0.0879444
181,0.002319
182,0.000665786
183,0.134155
184,0.0229866
185,0.00227805
186,0.00823777
187,0.00609622
188,0.125994
189,0.0210501
190,0.0693195
191,0.00166919
192,0.00936805
193,0.00498082
194,0.00288356
195,0.0136005
196,0.00222574
197,0.00719843
198,0.0539325
199,0.0163549
200,0.000696278
1,0.639301
2,0.774898
3,0.47576
4,0.140879
5,0.243619
6,0.0185353
7,0.0807641
8,0.00280368
9,0.0553707
10,0.00120974
11,0.0523026
12,0.000949481
13,0.0425801
14,0.000763121
15,0.0445748
16,0.000710072
17,0.0440036
18,0.000733647
19,0.033661
20,0.000895309
21,0.0185469
22,0.002432
23,0.000688709
24,1.42193
25,2.65619
26,0.833062
27,0.768056
28,0.973905
29,0.590778
30,0.284574
31,0.113638
32,0.582765
33,0.24371
34,0.0172673
35,0.00187302
36,0.00672213
37,0.140051
38,0.0313309
39,0.054682
40,0.00122543
41,0.0213055
42,0.0045478
43,0.00170775
44,0.040585
45,0.00114391
46,0.023217
47,0.0114227
48,0.0321641
49,0.00409417
50,0.0267102
51,0.00193058
52,0.0182496
53,0.00129912
54,0.00181073
55,0.0166428
56,0.0346236
57,0.174309
58,0.270355
59,0.0265838
60,0.122244
61,0.00684713
62,0.0931261
63,0.00356066
64,0.0628668
65,0.00160376
66,0.0575488
67,0.0012614
68,0.0546562
69,0.00112332
70,0.0467875
71,0.000901874
72,0.0484754
73,0.000852647
74,0.0471668
75,0.000804541
76,0.0465988
77,0.000785723
78,0.0446033
79,0.000735147
80,0.0412738
81,0.000682113
82,0.0409605
83,0.000654882
84,0.0389794
85,0.000645308
86,0.0348037
87,0.000723144
88,0.0250084
89,0.00229682
90,0.0115106
91,0.011074
92,0.116545
93,0.0142352
94,0.0918771
95,0.00395204
96,0.124454
97,0.0192011
98,0.0776287
99,0.00217325
100,0.00653443
101,0.116934
102,0.0118792
103,0.00109135
104,0.0153994
105,0.0753445
106,0.00433903
107,0.000712236
108,0.0337778
109,0.00236797
110,0.0117095
111,0.00596403
112,0.13106
113,0.0247673
114,0.0631906
115,0.00149058
116,0.0104904
117,0.627143
118,1.72693
119,1.27891
120,1.07971
121,0.684228
122,0.311463
123,0.136945
124,0.178607
125,0.00945821
126,0.012271
127,0.00257688
128,0.0157755
129,0.00176471
130,0.0100413
131,0.145025
132,0.00681286
133,0.0304318
134,0.00102445
135,0.0214086
136,0.0190554
137,0.0340666
138,0.0108342
139,0.00321981
140,0.0588624
141,0.00154794
142,0.0454538
143,0.00082817
144,0.0417634
145,0.000710621
146,0.0466465
147,0.000758202
148,0.0433937
149,0.000721777
150,0.0325975
151,0.000692309
152,0.0273925
153,0.000972258
154,0.00117564
155,0.000825205
156,0.00182701
157,0.000590596
158,0.302503
159,0.268306
160,0.16246
161,0.0128341
162,0.00306512
163,0.014681
164,0.00105817
165,0.0209702
166,0.00121768
167,0.0209422
168,0.0299399
169,0.0998289
170,0.00552113
171,0.142179
172,0.0396089
173,0.0384191
174,0.000843102
175,0.0284825
176,0.000782941
177,0.0217574
178,0.0110837
179,0.00541807
180,0.00229951
181,0.00176529
182,0.000958409
183,0.00234441
184,0.786222
185,0.838466
186,2.00069
187,0.628041
188,0.0323236
189,0.00593539
190,0.0124389
191,0.00606345
192,0.128318
193,0.0179118
194,0.0807526
195,0.00231082
196,0.00658262
197,0.139356
198,0.00652158
199,0.00836823
200,0.0831235
1,0.826947
2,0.662983
3,0.494223
4,0.0952157
5,0.160902
6,0.00802991
7,0.0513374
8,0.00229475
9,0.0257108
10,0.00171272
11,0.00636316
12,0.0495718
13,0.00221693
14,0.00068082
15,0.151062
16,0.0852058
17,0.00179471
18,0.00902782
19,0.0223026
20,0.00196376
21,0.000786332
22,0.0200761
23,0.0145744
24,0.0621817
25,0.00357855
26,0.0298464
27,0.00165146
28,0.00925899
29,0.0235121
30,0.00288827
31,0.00177248
32,0.00167304
33,0.000991243
34,0.00214208
35,0.000611954
36,0.256559
37,0.0207114
38,0.00966446
39,0.123709
40,0.0215203
41,0.0829318
42,0.00245017
43,0.0111146
44,0.00215946
45,0.00765047
46,0.100767
47,0.0043431
48,0.00151871
49,0.0162979
50,0.0012582
51,0.0193246
52,0.0136386
53,0.0927395
54,0.00425455
55,0.11691
56,0.0156052
57,0.0783834
58,0.00215889
59,0.00913576
60,0.0248867
61,0.0689278
62,0.00155057
63,0.00845168
64,0.0207625
65,0.00214832
66,0.00119611
67,0.000789609
68,0.00209122
69,0.000570095
70,1.82609
71,1.79513
72,0.834575
73,1.09008
74,1.06073
75,0.734177
76,0.32609
77,0.228686
78,0.0190333
79,0.0367873
80,0.116537
81,0.00481257
82,0.0127136
83,0.00506877
84,0.0183258
85,0.0725709
86,0.00619148
87,0.0433661
88,0.00268726
89,0.0176765
90,0.00495452
91,0.107513
92,0.0236926
93,0.00199556
94,0.00745653
95,0.0212303
96,0.120585
97,0.0134096
98,0.111224
99,0.0101447
100,0.110635
101,0.0107534
102,0.102305
103,0.00702914
104,0.112697
105,0.0124261
106,0.0915681
107,0.00373915
108,0.124189
109,0.0203364
110,0.0668984
111,0.00156667
112,0.0099062
113,0.0034424
114,0.021057
115,0.00245663
116,0.00778845
117,0.0285266
118,0.0071777
119,0.0352035
120,0.00230763
121,0.0131263
122,0.00288462
123,0.0381831
124,0.0973929
125,0.00838735
126,0.0369605
127,0.0021901
128,0.0122278
129,0.00420689
130,0.0362374
131,0.0977948
132,0.00762834
133,0.0389539
134,0.00209964
135,0.0135182
136,0.00412368
137,0.263592
138,0.0308618
139,0.00236587
140,0.00585351
141,0.0037633
142,0.00143845
143,0.00396198
144,0.14196
145,0.0279635
146,0.0506145
147,0.000963277
148,0.0120386
149,0.0459203
150,0.00289033
151,0.00186731
152,0.0015536
153,0.00113117
154,0.00142376
155,0.000772911
156,0.00473722
157,0.271946
158,0.0370214
159,0.00253112
160,0.00707892
161,0.00342478
162,0.000926438
163,0.00792047
164,0.110961
165,0.00863087
166,0.0985365
167,0.00420114
168,0.114306
169,0.0103564
170,0.094861
171,0.00339763
172,0.118765
173,0.0127734
174,0.0875784
175,0.00240161
176,0.123309
177,0.0154208
178,0.0797142
179,0.00193248
180,0.00438169
181,0.0314131
182,0.101321
183,0.00371179
184,0.0135581
185,0.00233563
186,0.00733597
187,0.0215015
188,0.0771122
189,0.00178674
190,0.00705012
191,0.0243669
192,0.00207902
193,0.000966511
194,0.0057539
195,0.814739
196,0.865355
197,0.789399
198,0.491479
199,0.244858
200,0.396719
